2017-05-18T00:03:45Z, 78.229371 15.602619 1
2017-05-18T00:08:45Z, 78.229370 15.602626 2
2017-05-18T00:13:45Z, 78.229370 15.602621 2
2017-05-18T00:18:45Z, 78.229370 15.602618 2
2017-05-18T00:23:45Z, 78.229372 15.602609 2
2017-05-18T00:28:45Z, 78.229375 15.602612 2
2017-05-18T00:33:45Z, 78.229373 15.602611 2
2017-05-18T00:38:45Z, 78.229373 15.602610 2
2017-05-18T00:43:45Z, 78.229373 15.602606 2
2017-05-18T00:48:45Z, 78.229371 15.602606 2
2017-05-18T00:53:45Z, 78.229374 15.602608 2
2017-05-18T00:58:45Z, 78.229371 15.602616 2
2017-05-18T01:03:45Z, 78.229370 15.602623 2
2017-05-18T01:08:45Z, 78.229369 15.602619 2
2017-05-18T01:13:45Z, 78.229370 15.602610 2
2017-05-18T01:18:45Z, 78.229370 15.602604 2
2017-05-18T01:23:45Z, 78.229368 15.602603 2
2017-05-18T01:28:45Z, 78.229367 15.602606 2
2017-05-18T01:33:45Z, 78.229366 15.602610 2
2017-05-18T01:38:45Z, 78.229364 15.602619 2
2017-05-18T01:43:45Z, 78.229364 15.602610 2
2017-05-18T01:48:46Z, 78.229363 15.602617 2
2017-05-18T01:53:46Z, 78.229366 15.602620 2
2017-05-18T01:58:46Z, 78.229365 15.602626 2
2017-05-18T02:03:46Z, 78.229366 15.602628 2
2017-05-18T02:08:46Z, 78.229368 15.602628 2
2017-05-18T02:13:46Z, 78.229368 15.602621 2
2017-05-18T02:18:46Z, 78.229368 15.602613 2
2017-05-18T02:23:46Z, 78.229372 15.602605 2
2017-05-18T02:28:46Z, 78.229373 15.602604 2
2017-05-18T02:33:46Z, 78.229367 15.602596 2
2017-05-18T02:38:46Z, 78.229368 15.602608 2
2017-05-18T02:43:46Z, 78.229371 15.602600 2
2017-05-18T02:48:46Z, 78.229369 15.602606 2
2017-05-18T02:53:46Z, 78.229368 15.602607 2
2017-05-18T02:58:46Z, 78.229368 15.602608 2
2017-05-18T03:03:46Z, 78.229368 15.602615 2
2017-05-18T03:08:46Z, 78.229366 15.602604 2
2017-05-18T03:13:46Z, 78.229368 15.602588 2
2017-05-18T03:18:46Z, 78.229365 15.602596 2
2017-05-18T03:23:46Z, 78.229367 15.602595 2
2017-05-18T03:28:46Z, 78.229369 15.602599 2
2017-05-18T03:33:46Z, 78.229370 15.602602 2
2017-05-18T03:38:46Z, 78.229367 15.602584 2
2017-05-18T03:43:46Z, 78.229368 15.602580 2
2017-05-18T03:48:46Z, 78.229367 15.602576 2
2017-05-18T03:53:46Z, 78.229365 15.602583 2
2017-05-18T03:58:46Z, 78.229369 15.602581 2
2017-05-18T04:03:46Z, 78.229368 15.602582 2
2017-05-18T04:08:46Z, 78.229366 15.602577 2
2017-05-18T04:13:45Z, 78.229364 15.602563 2
2017-05-18T04:18:44Z, 78.229364 15.602565 2
2017-05-18T04:23:44Z, 78.229364 15.602568 2
2017-05-18T04:28:44Z, 78.229363 15.602570 2
2017-05-18T04:33:44Z, 78.229366 15.602568 2
2017-05-18T04:38:44Z, 78.229367 15.602577 2
2017-05-18T04:43:44Z, 78.229368 15.602581 2
2017-05-18T04:48:44Z, 78.229367 15.602583 2
2017-05-18T04:53:44Z, 78.229367 15.602580 2
2017-05-18T04:58:44Z, 78.229366 15.602578 2
2017-05-18T05:03:44Z, 78.229367 15.602582 2
2017-05-18T05:08:44Z, 78.229369 15.602593 2
2017-05-18T05:13:44Z, 78.229372 15.602603 2
2017-05-18T05:18:44Z, 78.229372 15.602603 2
2017-05-18T05:23:44Z, 78.229369 15.602608 2
2017-05-18T05:28:44Z, 78.229371 15.602624 2
2017-05-18T05:33:44Z, 78.229365 15.602589 2
2017-05-18T05:38:44Z, 78.229369 15.602576 2
2017-05-18T05:43:44Z, 78.229369 15.602588 2
2017-05-18T05:48:44Z, 78.229370 15.602594 2
2017-05-18T05:53:44Z, 78.229370 15.602586 2
2017-05-18T05:58:44Z, 78.229369 15.602589 2
2017-05-18T06:03:44Z, 78.229371 15.602590 2
2017-05-18T06:08:44Z, 78.229368 15.602596 2
2017-05-18T06:13:44Z, 78.229369 15.602594 2
2017-05-18T06:18:44Z, 78.229372 15.602601 2
2017-05-18T06:23:44Z, 78.229372 15.602593 2
2017-05-18T06:28:44Z, 78.229369 15.602582 2
2017-05-18T06:33:44Z, 78.229366 15.602577 2
2017-05-18T06:38:45Z, 78.229369 15.602587 2
2017-05-18T06:43:45Z, 78.229367 15.602593 2
2017-05-18T06:48:45Z, 78.229367 15.602597 2
2017-05-18T06:53:45Z, 78.229367 15.602598 2
2017-05-18T06:58:45Z, 78.229366 15.602594 2
2017-05-18T07:03:45Z, 78.229367 15.602598 2
2017-05-18T07:08:45Z, 78.229374 15.602597 2
2017-05-18T07:13:45Z, 78.229374 15.602602 2
2017-05-18T07:18:45Z, 78.229372 15.602609 2
2017-05-18T07:23:45Z, 78.229371 15.602602 2
2017-05-18T07:28:45Z, 78.229376 15.602594 2
2017-05-18T07:33:45Z, 78.229370 15.602580 2
2017-05-18T07:38:45Z, 78.229369 15.602576 2
2017-05-18T07:43:45Z, 78.229369 15.602582 2
2017-05-18T07:48:45Z, 78.229370 15.602574 2
2017-05-18T07:53:45Z, 78.229370 15.602571 2
2017-05-18T07:58:45Z, 78.229371 15.602590 2
2017-05-18T08:03:45Z, 78.229371 15.602583 2
2017-05-18T08:08:45Z, 78.229373 15.602589 2
2017-05-18T08:13:45Z, 78.229372 15.602582 2
2017-05-18T08:18:45Z, 78.229375 15.602586 2
2017-05-18T08:23:45Z, 78.229374 15.602586 2
2017-05-18T08:28:45Z, 78.229372 15.602587 2
2017-05-18T08:33:45Z, 78.229371 15.602583 2
2017-05-18T08:38:45Z, 78.229371 15.602578 2
2017-05-18T08:43:45Z, 78.229374 15.602586 2
2017-05-18T08:48:45Z, 78.229375 15.602591 2
2017-05-18T08:53:45Z, 78.229378 15.602585 2
2017-05-18T08:58:45Z, 78.229377 15.602582 2
2017-05-18T09:03:45Z, 78.229378 15.602575 2
2017-05-18T09:08:45Z, 78.229375 15.602572 2
2017-05-18T09:13:45Z, 78.229377 15.602580 2
2017-05-18T09:18:45Z, 78.229377 15.602582 2
2017-05-18T09:23:45Z, 78.229380 15.602577 2
2017-05-18T09:28:45Z, 78.229380 15.602582 2
2017-05-18T09:33:45Z, 78.229378 15.602596 2
2017-05-18T09:38:45Z, 78.229376 15.602586 2
2017-05-18T09:43:45Z, 78.229378 15.602588 2
2017-05-18T09:48:45Z, 78.229378 15.602577 2
2017-05-18T09:53:45Z, 78.229379 15.602586 2
2017-05-18T09:58:45Z, 78.229376 15.602587 2
2017-05-18T10:03:45Z, 78.229374 15.602591 2
2017-05-18T10:08:45Z, 78.229379 15.602563 2
2017-05-18T10:13:45Z, 78.229381 15.602557 2
2017-05-18T10:18:45Z, 78.229381 15.602568 2
2017-05-18T10:23:45Z, 78.229377 15.602591 2
2017-05-18T10:28:45Z, 78.229381 15.602602 2
2017-05-18T10:33:45Z, 78.229382 15.602593 2
2017-05-18T10:38:45Z, 78.229374 15.602603 2
2017-05-18T10:43:45Z, 78.229376 15.602603 2
2017-05-18T10:48:45Z, 78.229376 15.602599 2
2017-05-18T10:53:45Z, 78.229378 15.602598 2
2017-05-18T10:58:45Z, 78.229377 15.602601 2
2017-05-18T11:03:46Z, 78.229376 15.602604 2
2017-05-18T11:08:46Z, 78.229377 15.602610 2
2017-05-18T11:13:46Z, 78.229377 15.602603 2
2017-05-18T11:18:46Z, 78.229377 15.602606 2
2017-05-18T11:23:46Z, 78.229381 15.602603 2
2017-05-18T11:28:46Z, 78.229376 15.602606 2
2017-05-18T11:33:46Z, 78.229376 15.602607 2
2017-05-18T11:38:46Z, 78.229376 15.602607 2
2017-05-18T11:43:46Z, 78.229373 15.602600 2
2017-05-18T11:48:46Z, 78.229377 15.602600 2
2017-05-18T11:53:46Z, 78.229376 15.602605 2
2017-05-18T11:58:46Z, 78.229376 15.602599 2
2017-05-18T12:03:46Z, 78.229375 15.602601 2
2017-05-18T12:08:46Z, 78.229374 15.602592 2
2017-05-18T12:13:46Z, 78.229374 15.602597 2
2017-05-18T12:18:46Z, 78.229371 15.602599 2
2017-05-18T12:23:46Z, 78.229371 15.602594 2
2017-05-18T12:28:46Z, 78.229373 15.602599 2
2017-05-18T12:33:46Z, 78.229375 15.602604 2
2017-05-18T12:38:46Z, 78.229375 15.602598 2
2017-05-18T12:43:46Z, 78.229373 15.602592 2
2017-05-18T12:48:46Z, 78.229372 15.602582 2
2017-05-18T12:53:46Z, 78.229368 15.602578 2
2017-05-18T12:58:46Z, 78.229372 15.602579 2
2017-05-18T13:03:46Z, 78.229368 15.602586 2
2017-05-18T13:08:46Z, 78.229370 15.602577 2
2017-05-18T13:13:46Z, 78.229369 15.602575 2
2017-05-18T13:18:46Z, 78.229375 15.602575 2
2017-05-18T13:23:46Z, 78.229374 15.602588 2
2017-05-18T13:28:46Z, 78.229374 15.602582 2
2017-05-18T13:33:46Z, 78.229374 15.602583 2
2017-05-18T13:38:46Z, 78.229370 15.602598 2
2017-05-18T13:43:46Z, 78.229374 15.602597 2
2017-05-18T13:48:46Z, 78.229374 15.602595 2
2017-05-18T13:53:46Z, 78.229374 15.602589 2
2017-05-18T13:58:46Z, 78.229372 15.602579 2
2017-05-18T14:03:46Z, 78.229370 15.602590 2
2017-05-18T14:08:46Z, 78.229368 15.602600 2
2017-05-18T14:13:46Z, 78.229369 15.602602 2
2017-05-18T14:18:46Z, 78.229370 15.602607 2
2017-05-18T14:23:46Z, 78.229371 15.602598 2
2017-05-18T14:28:46Z, 78.229372 15.602601 2
2017-05-18T14:33:46Z, 78.229370 15.602602 2
2017-05-18T14:38:46Z, 78.229372 15.602602 2
2017-05-18T14:43:46Z, 78.229371 15.602604 2
2017-05-18T14:48:46Z, 78.229371 15.602608 2
2017-05-18T14:53:46Z, 78.229368 15.602602 2
2017-05-18T14:58:46Z, 78.229367 15.602608 2
2017-05-18T15:03:46Z, 78.229370 15.602612 2
2017-05-18T15:08:46Z, 78.229372 15.602615 2
2017-05-18T15:13:46Z, 78.229375 15.602622 2
2017-05-18T15:18:46Z, 78.229376 15.602627 2
2017-05-18T15:23:46Z, 78.229375 15.602622 2
2017-05-18T15:28:46Z, 78.229374 15.602616 2
2017-05-18T15:33:46Z, 78.229376 15.602606 2
2017-05-18T15:38:46Z, 78.229377 15.602597 2
2017-05-18T15:43:46Z, 78.229382 15.602600 2
2017-05-18T15:48:46Z, 78.229381 15.602608 2
2017-05-18T15:53:46Z, 78.229380 15.602630 2
2017-05-18T15:58:47Z, 78.229376 15.602612 2
2017-05-18T16:03:47Z, 78.229375 15.602612 2
2017-05-18T16:08:47Z, 78.229376 15.602605 2
2017-05-18T16:13:47Z, 78.229378 15.602616 2
2017-05-18T16:18:47Z, 78.229377 15.602604 2
2017-05-18T16:23:47Z, 78.229375 15.602597 2
2017-05-18T16:28:47Z, 78.229381 15.602599 2
2017-05-18T16:33:47Z, 78.229374 15.602604 2
2017-05-18T16:38:47Z, 78.229378 15.602603 2
2017-05-18T16:43:47Z, 78.229376 15.602603 2
2017-05-18T16:48:47Z, 78.229376 15.602599 2
2017-05-18T16:53:47Z, 78.229377 15.602603 2
2017-05-18T16:58:47Z, 78.229376 15.602594 2
2017-05-18T17:03:47Z, 78.229376 15.602591 2
2017-05-18T17:08:47Z, 78.229376 15.602595 2
2017-05-18T17:13:47Z, 78.229377 15.602598 2
2017-05-18T17:18:47Z, 78.229376 15.602602 2
2017-05-18T17:23:47Z, 78.229375 15.602611 2
2017-05-18T17:28:47Z, 78.229375 15.602603 2
2017-05-18T17:33:47Z, 78.229376 15.602606 2
2017-05-18T17:38:47Z, 78.229374 15.602609 2
2017-05-18T17:43:47Z, 78.229375 15.602615 2
2017-05-18T17:48:47Z, 78.229375 15.602615 2
2017-05-18T17:53:47Z, 78.229376 15.602610 2
2017-05-18T17:58:47Z, 78.229376 15.602614 2
2017-05-18T18:03:47Z, 78.229370 15.602637 2
2017-05-18T18:08:47Z, 78.229371 15.602642 2
2017-05-18T18:13:47Z, 78.229374 15.602646 2
2017-05-18T18:18:47Z, 78.229375 15.602631 2
2017-05-18T18:23:47Z, 78.229296 15.609869 2
2017-05-18T18:28:47Z, 78.235961 15.609985 2
2017-05-18T18:33:47Z, 78.245773 15.580557 2
2017-05-18T18:38:47Z, 78.254981 15.531253 2
2017-05-18T18:43:47Z, 78.261483 15.469748 2
2017-05-18T18:48:47Z, 78.266264 15.401700 2
2017-05-18T18:53:47Z, 78.265741 15.327824 2
2017-05-18T18:58:47Z, 78.263988 15.255082 2
2017-05-18T19:03:47Z, 78.261297 15.184436 2
2017-05-18T19:08:47Z, 78.257938 15.117354 2
2017-05-18T19:13:47Z, 78.254258 15.051853 2
2017-05-18T19:18:47Z, 78.250141 14.985138 2
2017-05-18T19:23:47Z, 78.245847 14.917771 2
2017-05-18T19:28:47Z, 78.241513 14.849640 2
2017-05-18T19:33:47Z, 78.237688 14.779920 2
2017-05-18T19:38:47Z, 78.234302 14.707894 2
2017-05-18T19:43:47Z, 78.231708 14.634290 2
2017-05-18T19:48:47Z, 78.228809 14.559919 2
2017-05-18T19:53:47Z, 78.225123 14.485673 2
2017-05-18T19:58:47Z, 78.220843 14.411743 2
2017-05-18T20:03:47Z, 78.216096 14.338985 2
2017-05-18T20:08:47Z, 78.211438 14.266319 2
2017-05-18T20:13:47Z, 78.205402 14.197179 2
2017-05-18T20:18:47Z, 78.198893 14.130270 2
2017-05-18T20:23:47Z, 78.192234 14.064443 2
2017-05-18T20:28:47Z, 78.186019 13.997953 2
2017-05-18T20:33:47Z, 78.178725 13.934894 2
2017-05-18T20:38:47Z, 78.171684 13.871441 2
2017-05-18T20:43:48Z, 78.168334 13.799968 2
2017-05-18T20:48:48Z, 78.165525 13.727654 2
2017-05-18T20:53:48Z, 78.164185 13.654136 2
2017-05-18T20:58:48Z, 78.162818 13.582396 2
2017-05-18T21:03:48Z, 78.161614 13.511605 2
2017-05-18T21:08:48Z, 78.160725 13.440184 2
2017-05-18T21:13:48Z, 78.160052 13.368384 2
2017-05-18T21:18:48Z, 78.159612 13.295933 2
2017-05-18T21:23:48Z, 78.158425 13.224147 2
2017-05-18T21:28:48Z, 78.157116 13.152139 2
2017-05-18T21:33:48Z, 78.155743 13.079522 2
2017-05-18T21:38:48Z, 78.154526 13.007262 2
2017-05-18T21:43:48Z, 78.153627 12.935325 2
2017-05-18T21:48:48Z, 78.152978 12.863088 2
2017-05-18T21:53:48Z, 78.152404 12.790534 2
2017-05-18T21:58:48Z, 78.151838 12.718170 2
2017-05-18T22:03:48Z, 78.151227 12.645730 2
2017-05-18T22:08:48Z, 78.150591 12.573162 2
2017-05-18T22:13:48Z, 78.150309 12.500865 2
2017-05-18T22:18:48Z, 78.150261 12.427810 2
2017-05-18T22:23:48Z, 78.149980 12.354382 2
2017-05-18T22:28:48Z, 78.149648 12.280934 2
2017-05-18T22:33:48Z, 78.149348 12.207176 2
2017-05-18T22:38:48Z, 78.149234 12.133246 2
2017-05-18T22:43:48Z, 78.151141 12.059404 2
2017-05-18T22:48:48Z, 78.155181 11.987290 2
2017-05-18T22:53:48Z, 78.159576 11.915973 2
2017-05-18T22:58:48Z, 78.166714 11.850572 2
2017-05-18T23:03:48Z, 78.175141 11.788324 2
2017-05-18T23:08:48Z, 78.183843 11.727162 2
2017-05-18T23:13:48Z, 78.192861 11.667375 2
2017-05-18T23:18:48Z, 78.203092 11.613344 2
2017-05-18T23:23:48Z, 78.214459 11.564582 2
2017-05-18T23:28:48Z, 78.226161 11.517681 2
2017-05-18T23:33:48Z, 78.238133 11.471062 2
2017-05-18T23:38:48Z, 78.250156 11.426780 2
2017-05-18T23:43:48Z, 78.262430 11.385535 2
2017-05-18T23:48:48Z, 78.274682 11.344475 2
2017-05-18T23:53:48Z, 78.287025 11.304879 2
2017-05-18T23:58:48Z, 78.299517 11.265282 2
2017-05-19T00:03:48Z, 78.312093 11.226133 1
2017-05-19T00:08:48Z, 78.324580 11.187637 2
2017-05-19T00:13:48Z, 78.336406 11.145413 2
2017-05-19T00:18:48Z, 78.348329 11.102636 2
2017-05-19T00:23:48Z, 78.360363 11.059565 2
2017-05-19T00:28:48Z, 78.372385 11.015881 2
2017-05-19T00:33:48Z, 78.384562 10.973196 2
2017-05-19T00:38:48Z, 78.397189 10.933872 2
2017-05-19T00:43:48Z, 78.409985 10.895097 2
2017-05-19T00:48:48Z, 78.422904 10.855788 2
2017-05-19T00:53:48Z, 78.435843 10.814820 2
2017-05-19T00:58:48Z, 78.449107 10.774676 2
2017-05-19T01:03:48Z, 78.463060 10.739871 2
2017-05-19T01:08:48Z, 78.477084 10.708376 2
2017-05-19T01:13:48Z, 78.491274 10.676989 2
2017-05-19T01:18:49Z, 78.505941 10.649924 2
2017-05-19T01:23:49Z, 78.520700 10.624949 2
2017-05-19T01:28:49Z, 78.535109 10.599100 2
2017-05-19T01:33:49Z, 78.549336 10.573010 2
2017-05-19T01:38:49Z, 78.563826 10.551244 2
2017-05-19T01:43:49Z, 78.578459 10.530132 2
2017-05-19T01:48:49Z, 78.593240 10.508618 2
2017-05-19T01:53:49Z, 78.607971 10.488076 2
2017-05-19T01:58:49Z, 78.622620 10.467724 2
2017-05-19T02:03:49Z, 78.637027 10.446097 2
2017-05-19T02:08:49Z, 78.651483 10.424550 2
2017-05-19T02:13:49Z, 78.665936 10.402895 2
2017-05-19T02:18:49Z, 78.680528 10.381097 2
2017-05-19T02:23:49Z, 78.695143 10.359185 2
2017-05-19T02:28:49Z, 78.709518 10.337845 2
2017-05-19T02:33:49Z, 78.723734 10.317204 2
2017-05-19T02:38:49Z, 78.738028 10.295932 2
2017-05-19T02:43:49Z, 78.752342 10.274896 2
2017-05-19T02:48:49Z, 78.766563 10.253803 2
2017-05-19T02:53:49Z, 78.780781 10.233022 2
2017-05-19T02:58:49Z, 78.795061 10.211612 2
2017-05-19T03:03:49Z, 78.809274 10.190256 2
2017-05-19T03:08:49Z, 78.823368 10.169409 2
2017-05-19T03:13:49Z, 78.837469 10.148324 2
2017-05-19T03:18:49Z, 78.851680 10.127907 2
2017-05-19T03:23:49Z, 78.865713 10.103873 2
2017-05-19T03:28:49Z, 78.879505 10.074684 2
2017-05-19T03:33:49Z, 78.893410 10.046161 2
2017-05-19T03:38:49Z, 78.907492 10.019312 2
2017-05-19T03:43:49Z, 78.921410 9.991897 2
2017-05-19T03:48:49Z, 78.935233 9.966456 2
2017-05-19T03:53:49Z, 78.949065 9.939359 2
2017-05-19T03:58:49Z, 78.962694 9.911043 2
2017-05-19T04:03:49Z, 78.976085 9.879298 2
2017-05-19T04:08:49Z, 78.989555 9.848550 2
2017-05-19T04:13:49Z, 79.002805 9.816183 2
2017-05-19T04:18:49Z, 79.016117 9.783523 2
2017-05-19T04:23:49Z, 79.029522 9.750867 2
2017-05-19T04:28:49Z, 79.042855 9.718882 2
2017-05-19T04:33:49Z, 79.056421 9.685390 2
2017-05-19T04:38:49Z, 79.069789 9.652468 2
2017-05-19T04:43:49Z, 79.083219 9.620969 2
2017-05-19T04:48:49Z, 79.096751 9.590450 2
2017-05-19T04:53:49Z, 79.110459 9.562186 2
2017-05-19T04:58:49Z, 79.124264 9.534257 2
2017-05-19T05:03:49Z, 79.138110 9.506246 2
2017-05-19T05:08:49Z, 79.151906 9.478029 2
2017-05-19T05:13:49Z, 79.165737 9.450497 2
2017-05-19T05:18:49Z, 79.179634 9.423151 2
2017-05-19T05:23:49Z, 79.193621 9.395642 2
2017-05-19T05:28:49Z, 79.207283 9.367770 2
2017-05-19T05:33:49Z, 79.220769 9.339314 2
2017-05-19T05:38:49Z, 79.234215 9.311739 2
2017-05-19T05:43:49Z, 79.247876 9.284628 2
2017-05-19T05:48:49Z, 79.261602 9.256771 2
2017-05-19T05:53:50Z, 79.275511 9.229073 2
2017-05-19T05:58:50Z, 79.289537 9.199511 2
2017-05-19T06:03:50Z, 79.303585 9.169264 2
2017-05-19T06:08:50Z, 79.317535 9.140110 2
2017-05-19T06:13:50Z, 79.331438 9.112312 2
2017-05-19T06:18:50Z, 79.345191 9.081947 2
2017-05-19T06:23:50Z, 79.359106 9.050314 2
2017-05-19T06:28:50Z, 79.373051 9.019630 2
2017-05-19T06:33:50Z, 79.386995 8.991069 2
2017-05-19T06:38:50Z, 79.400982 8.961699 2
2017-05-19T06:43:50Z, 79.415053 8.933720 2
2017-05-19T06:48:50Z, 79.429054 8.903349 2
2017-05-19T06:53:50Z, 79.443190 8.871111 2
2017-05-19T06:58:50Z, 79.458028 8.836920 2
2017-05-19T07:03:50Z, 79.473126 8.804073 2
2017-05-19T07:08:50Z, 79.488243 8.772554 2
2017-05-19T07:13:50Z, 79.502653 8.739222 2
2017-05-19T07:18:50Z, 79.516413 8.699562 2
2017-05-19T07:23:50Z, 79.530035 8.658964 2
2017-05-19T07:28:49Z, 79.543975 8.620998 2
2017-05-19T07:33:46Z, 79.557339 8.570100 2
2017-05-19T07:38:45Z, 79.570761 8.520787 2
2017-05-19T07:43:45Z, 79.584070 8.472549 2
2017-05-19T07:48:45Z, 79.597409 8.425292 2
2017-05-19T07:53:45Z, 79.610746 8.379026 2
2017-05-19T07:58:45Z, 79.613944 8.382717 2
2017-05-19T08:03:45Z, 79.613030 8.381695 2
2017-05-19T08:08:45Z, 79.611767 8.374928 2
2017-05-19T08:13:45Z, 79.610706 8.369083 2
2017-05-19T08:18:45Z, 79.609777 8.363058 2
2017-05-19T08:23:45Z, 79.608705 8.357909 2
2017-05-19T08:28:45Z, 79.607508 8.357214 2
2017-05-19T08:33:45Z, 79.607167 8.355005 2
2017-05-19T08:38:45Z, 79.608103 8.353827 2
2017-05-19T08:43:45Z, 79.609326 8.352896 2
2017-05-19T08:48:45Z, 79.610628 8.351730 2
2017-05-19T08:53:45Z, 79.612034 8.352424 2
2017-05-19T08:58:45Z, 79.613622 8.352205 2
2017-05-19T09:03:45Z, 79.615147 8.351167 2
2017-05-19T09:08:45Z, 79.616738 8.349832 2
2017-05-19T09:13:45Z, 79.618083 8.348822 2
2017-05-19T09:18:45Z, 79.619575 8.347849 2
2017-05-19T09:23:45Z, 79.621184 8.347518 2
2017-05-19T09:28:45Z, 79.618325 8.344222 2
2017-05-19T09:33:45Z, 79.628308 8.293112 2
2017-05-19T09:38:45Z, 79.641468 8.246253 2
2017-05-19T09:43:45Z, 79.654743 8.200884 2
2017-05-19T09:48:45Z, 79.668305 8.159908 2
2017-05-19T09:53:45Z, 79.682148 8.120627 2
2017-05-19T09:58:45Z, 79.695970 8.079610 2
2017-05-19T10:03:45Z, 79.709741 8.037138 2
2017-05-19T10:08:45Z, 79.723510 7.993105 2
2017-05-19T10:13:45Z, 79.737286 7.949785 2
2017-05-19T10:18:45Z, 79.750553 7.904436 2
2017-05-19T10:23:45Z, 79.762780 7.879051 2
2017-05-19T10:28:45Z, 79.774136 7.842080 2
2017-05-19T10:33:45Z, 79.782593 7.796095 2
2017-05-19T10:38:45Z, 79.791995 7.771001 2
2017-05-19T10:43:45Z, 79.801483 7.743032 2
2017-05-19T10:48:45Z, 79.811192 7.718804 2
2017-05-19T10:53:45Z, 79.820669 7.692010 2
2017-05-19T10:58:45Z, 79.832433 7.660128 2
2017-05-19T11:03:45Z, 79.845168 7.626338 2
2017-05-19T11:08:45Z, 79.857436 7.597018 2
2017-05-19T11:13:45Z, 79.868649 7.570304 2
2017-05-19T11:18:46Z, 79.881753 7.540592 2
2017-05-19T11:23:46Z, 79.895140 7.513606 2
2017-05-19T11:28:46Z, 79.908773 7.488580 2
2017-05-19T11:33:46Z, 79.920833 7.447730 2
2017-05-19T11:38:46Z, 79.933047 7.412756 2
2017-05-19T11:43:46Z, 79.945743 7.377332 2
2017-05-19T11:48:46Z, 79.958584 7.340868 2
2017-05-19T11:53:46Z, 79.968480 7.313022 2
2017-05-19T11:58:46Z, 79.975010 7.291177 2
2017-05-19T12:03:46Z, 79.982892 7.272338 2
2017-05-19T12:08:46Z, 79.984344 7.261898 2
2017-05-19T12:13:46Z, 79.990211 7.251057 2
2017-05-19T12:18:46Z, 79.997655 7.227187 2
2017-05-19T12:23:46Z, 80.003564 7.204850 2
2017-05-19T12:28:46Z, 80.008860 7.191228 2
2017-05-19T12:33:46Z, 80.013162 7.182299 2
2017-05-19T12:38:46Z, 80.017286 7.167674 2
2017-05-19T12:43:46Z, 80.019198 7.162017 2
2017-05-19T12:48:46Z, 80.022468 7.154723 2
2017-05-19T12:53:46Z, 80.026265 7.146310 2
2017-05-19T12:58:46Z, 80.029561 7.133897 2
2017-05-19T13:03:46Z, 80.033064 7.124267 2
2017-05-19T13:08:46Z, 80.036670 7.120360 2
2017-05-19T13:13:46Z, 80.038469 7.117656 2
2017-05-19T13:18:46Z, 80.041350 7.116811 2
2017-05-19T13:23:46Z, 80.042132 7.110214 2
2017-05-19T13:28:46Z, 80.042129 7.108585 2
2017-05-19T13:33:46Z, 80.043297 7.095798 2
2017-05-19T13:38:46Z, 80.044885 7.090954 2
2017-05-19T13:43:46Z, 80.046166 7.084214 2
2017-05-19T13:48:46Z, 80.048023 7.077887 2
2017-05-19T13:53:46Z, 80.049808 7.079489 2
2017-05-19T13:58:46Z, 80.050451 7.077050 2
2017-05-19T14:03:46Z, 80.050439 7.076220 2
2017-05-19T14:08:46Z, 80.050441 7.075392 2
2017-05-19T14:13:46Z, 80.052429 7.070214 2
2017-05-19T14:18:46Z, 80.055112 7.068984 2
2017-05-19T14:23:46Z, 80.055758 7.067609 2
2017-05-19T14:28:46Z, 80.056954 7.067481 2
2017-05-19T14:33:46Z, 80.058669 7.064574 2
2017-05-19T14:38:46Z, 80.058798 7.063718 2
2017-05-19T14:43:46Z, 80.059341 7.063296 2
2017-05-19T14:48:46Z, 80.060405 7.062459 2
2017-05-19T14:53:46Z, 80.060674 7.061640 2
2017-05-19T14:58:46Z, 80.062496 7.056294 2
2017-05-19T15:03:46Z, 80.063838 7.049629 2
2017-05-19T15:08:46Z, 80.066043 7.042336 2
2017-05-19T15:13:46Z, 80.070257 7.031035 2
2017-05-19T15:18:46Z, 80.073337 7.024246 2
2017-05-19T15:23:46Z, 80.074506 7.019007 2
2017-05-19T15:28:46Z, 80.075075 7.016108 2
2017-05-19T15:33:46Z, 80.075158 7.015495 2
2017-05-19T15:38:46Z, 80.075418 7.012687 2
2017-05-19T15:43:46Z, 80.075768 7.006648 2
2017-05-19T15:48:46Z, 80.075903 6.993154 2
2017-05-19T15:53:46Z, 80.077612 6.972999 2
2017-05-19T15:58:46Z, 80.079983 6.972461 2
2017-05-19T16:03:47Z, 80.084901 6.972991 2
2017-05-19T16:08:47Z, 80.089919 6.986345 2
2017-05-19T16:13:47Z, 80.093713 6.995260 2
2017-05-19T16:18:47Z, 80.097120 6.995501 2
2017-05-19T16:23:47Z, 80.097763 6.995413 2
2017-05-19T16:28:47Z, 80.098458 6.995317 2
2017-05-19T16:33:47Z, 80.099898 7.000565 2
2017-05-19T16:38:46Z, 80.099913 7.000335 2
2017-05-19T16:43:45Z, 80.100232 7.005351 2
2017-05-19T16:48:45Z, 80.100798 7.012573 2
2017-05-19T16:53:45Z, 80.100781 7.012217 2
2017-05-19T16:58:45Z, 80.100674 7.010716 2
2017-05-19T17:03:45Z, 80.100753 7.010372 2
2017-05-19T17:08:45Z, 80.099049 7.014972 2
2017-05-19T17:13:45Z, 80.097617 7.020898 2
2017-05-19T17:18:45Z, 80.097976 7.030895 2
2017-05-19T17:23:45Z, 80.100344 7.041473 2
2017-05-19T17:28:45Z, 80.103242 7.040701 2
2017-05-19T17:33:45Z, 80.105694 7.043772 2
2017-05-19T17:38:45Z, 80.107639 7.058770 2
2017-05-19T17:43:45Z, 80.109867 7.073703 2
2017-05-19T17:48:45Z, 80.112878 7.086751 2
2017-05-19T17:53:45Z, 80.116437 7.084152 2
2017-05-19T17:58:45Z, 80.118884 7.089680 2
2017-05-19T18:03:45Z, 80.121036 7.090830 2
2017-05-19T18:08:45Z, 80.124145 7.102826 2
2017-05-19T18:13:45Z, 80.127876 7.114619 2
2017-05-19T18:18:45Z, 80.129399 7.116896 2
2017-05-19T18:23:45Z, 80.129589 7.113769 2
2017-05-19T18:28:45Z, 80.131615 7.098480 2
2017-05-19T18:33:45Z, 80.132921 7.090956 2
2017-05-19T18:38:45Z, 80.134068 7.090798 2
2017-05-19T18:43:45Z, 80.135888 7.084362 2
2017-05-19T18:48:45Z, 80.137741 7.078646 2
2017-05-19T18:53:45Z, 80.137752 7.077159 2
2017-05-19T18:58:45Z, 80.138663 7.060246 2
2017-05-19T19:03:45Z, 80.139817 7.051981 2
2017-05-19T19:08:45Z, 80.141826 7.036294 2
2017-05-19T19:13:45Z, 80.144148 7.026252 2
2017-05-19T19:18:45Z, 80.146903 7.022205 2
2017-05-19T19:23:45Z, 80.148045 7.017318 2
2017-05-19T19:28:45Z, 80.150746 7.017801 2
2017-05-19T19:33:45Z, 80.152315 7.011171 2
2017-05-19T19:38:45Z, 80.152631 7.008676 2
2017-05-19T19:43:45Z, 80.152677 7.007786 2
2017-05-19T19:48:45Z, 80.152698 7.006685 2
2017-05-19T19:53:46Z, 80.152719 7.005259 2
2017-05-19T19:58:46Z, 80.152761 7.003732 2
2017-05-19T20:03:46Z, 80.152775 7.002603 2
2017-05-19T20:08:46Z, 80.152793 7.001521 2
2017-05-19T20:13:46Z, 80.152810 7.000455 2
2017-05-19T20:18:46Z, 80.152829 6.999305 2
2017-05-19T20:23:46Z, 80.152854 6.998197 2
2017-05-19T20:28:46Z, 80.152872 6.997140 2
2017-05-19T20:33:46Z, 80.152886 6.996073 2
2017-05-19T20:38:46Z, 80.152912 6.994938 2
2017-05-19T20:43:46Z, 80.152946 6.993814 2
2017-05-19T20:48:46Z, 80.152982 6.992671 2
2017-05-19T20:53:46Z, 80.153002 6.991522 2
2017-05-19T20:58:46Z, 80.153027 6.990407 2
2017-05-19T21:03:46Z, 80.153059 6.989263 2
2017-05-19T21:08:46Z, 80.153085 6.988120 2
2017-05-19T21:13:46Z, 80.153097 6.986833 2
2017-05-19T21:18:46Z, 80.153119 6.985590 2
2017-05-19T21:23:46Z, 80.153136 6.984372 2
2017-05-19T21:28:46Z, 80.153150 6.983191 2
2017-05-19T21:33:46Z, 80.153166 6.982088 2
2017-05-19T21:38:46Z, 80.153181 6.980928 2
2017-05-19T21:43:46Z, 80.153195 6.979749 2
2017-05-19T21:48:46Z, 80.153211 6.978591 2
2017-05-19T21:53:46Z, 80.153235 6.977447 2
2017-05-19T21:58:46Z, 80.153271 6.976364 2
2017-05-19T22:03:46Z, 80.153313 6.975371 2
2017-05-19T22:08:46Z, 80.153354 6.974371 2
2017-05-19T22:13:46Z, 80.153403 6.973425 2
2017-05-19T22:18:46Z, 80.153448 6.972531 2
2017-05-19T22:23:46Z, 80.153480 6.971604 2
2017-05-19T22:28:46Z, 80.153518 6.970756 2
2017-05-19T22:33:46Z, 80.153567 6.969908 2
2017-05-19T22:38:46Z, 80.153612 6.969106 2
2017-05-19T22:43:46Z, 80.153661 6.968278 2
2017-05-19T22:48:46Z, 80.153717 6.967456 2
2017-05-19T22:53:46Z, 80.153767 6.966657 2
2017-05-19T22:58:46Z, 80.153824 6.965992 2
2017-05-19T23:03:46Z, 80.153887 6.965364 2
2017-05-19T23:08:46Z, 80.153958 6.964789 2
2017-05-19T23:13:46Z, 80.154034 6.964180 2
2017-05-19T23:18:46Z, 80.154122 6.963688 2
2017-05-19T23:23:46Z, 80.154218 6.963172 2
2017-05-19T23:28:46Z, 80.154313 6.962634 2
2017-05-19T23:33:46Z, 80.154417 6.962176 2
2017-05-19T23:38:46Z, 80.154517 6.961831 2
2017-05-19T23:43:46Z, 80.154615 6.961454 2
2017-05-19T23:48:46Z, 80.154707 6.961035 2
2017-05-19T23:53:46Z, 80.154820 6.960625 2
2017-05-19T23:58:46Z, 80.154939 6.960202 2
2017-05-20T00:03:46Z, 80.155053 6.959860 1
2017-05-20T00:08:46Z, 80.155167 6.959568 2
2017-05-20T00:13:46Z, 80.155281 6.959312 2
2017-05-20T00:18:46Z, 80.155387 6.959086 2
2017-05-20T00:23:46Z, 80.155488 6.958971 2
2017-05-20T00:28:46Z, 80.155582 6.958885 2
2017-05-20T00:33:46Z, 80.155691 6.958835 2
2017-05-20T00:38:46Z, 80.155799 6.958789 2
2017-05-20T00:43:46Z, 80.155895 6.958774 2
2017-05-20T00:48:46Z, 80.156002 6.958776 2
2017-05-20T00:53:46Z, 80.156114 6.958730 2
2017-05-20T00:58:46Z, 80.156226 6.958658 2
2017-05-20T01:03:46Z, 80.156350 6.958654 2
2017-05-20T01:08:46Z, 80.156474 6.958684 2
2017-05-20T01:13:46Z, 80.156580 6.958860 2
2017-05-20T01:18:46Z, 80.156695 6.959104 2
2017-05-20T01:23:46Z, 80.156797 6.959346 2
2017-05-20T01:28:46Z, 80.156883 6.959723 2
2017-05-20T01:33:46Z, 80.156960 6.960170 2
2017-05-20T01:38:46Z, 80.157040 6.960662 2
2017-05-20T01:43:46Z, 80.157114 6.961282 2
2017-05-20T01:48:45Z, 80.157196 6.961796 2
2017-05-20T01:53:45Z, 80.157270 6.962424 2
2017-05-20T01:58:45Z, 80.157337 6.963048 2
2017-05-20T02:03:45Z, 80.157417 6.963766 2
2017-05-20T02:08:45Z, 80.157479 6.964476 2
2017-05-20T02:13:45Z, 80.157542 6.964709 2
2017-05-20T02:18:45Z, 80.157594 6.965348 2
2017-05-20T02:23:45Z, 80.157656 6.965938 2
2017-05-20T02:28:45Z, 80.157704 6.966646 2
2017-05-20T02:33:45Z, 80.157754 6.967532 2
2017-05-20T02:38:45Z, 80.157802 6.968300 2
2017-05-20T02:43:45Z, 80.157841 6.969005 2
2017-05-20T02:48:45Z, 80.157853 6.969832 2
2017-05-20T02:53:45Z, 80.157885 6.970814 2
2017-05-20T02:58:45Z, 80.157918 6.971919 2
2017-05-20T03:03:45Z, 80.157945 6.972990 2
2017-05-20T03:08:45Z, 80.157977 6.973990 2
2017-05-20T03:13:45Z, 80.158013 6.975024 2
2017-05-20T03:18:45Z, 80.158048 6.976225 2
2017-05-20T03:23:45Z, 80.158065 6.977478 2
2017-05-20T03:28:45Z, 80.158060 6.978487 2
2017-05-20T03:33:45Z, 80.158057 6.979505 2
2017-05-20T03:38:45Z, 80.158062 6.980626 2
2017-05-20T03:43:45Z, 80.158063 6.981783 2
2017-05-20T03:48:45Z, 80.158061 6.982899 2
2017-05-20T03:53:46Z, 80.158074 6.984035 2
2017-05-20T03:58:46Z, 80.158090 6.985189 2
2017-05-20T04:03:46Z, 80.158097 6.986350 2
2017-05-20T04:08:46Z, 80.158090 6.987595 2
2017-05-20T04:13:46Z, 80.158075 6.988969 2
2017-05-20T04:18:46Z, 80.158059 6.990327 2
2017-05-20T04:23:46Z, 80.158037 6.991777 2
2017-05-20T04:28:46Z, 80.158002 6.993191 2
2017-05-20T04:33:46Z, 80.157981 6.994428 2
2017-05-20T04:38:46Z, 80.157960 6.995617 2
2017-05-20T04:43:46Z, 80.157933 6.996800 2
2017-05-20T04:48:46Z, 80.157915 6.998056 2
2017-05-20T04:53:46Z, 80.157912 6.999234 2
2017-05-20T04:58:46Z, 80.157908 7.000459 2
2017-05-20T05:03:46Z, 80.157900 7.001884 2
2017-05-20T05:08:46Z, 80.157887 7.003426 2
2017-05-20T05:13:46Z, 80.157892 7.004814 2
2017-05-20T05:18:46Z, 80.157891 7.006055 2
2017-05-20T05:23:46Z, 80.157891 7.006883 2
2017-05-20T05:28:46Z, 80.157869 7.007828 2
2017-05-20T05:33:46Z, 80.157872 7.008899 2
2017-05-20T05:38:46Z, 80.157855 7.010433 2
2017-05-20T05:43:46Z, 80.157816 7.011815 2
2017-05-20T05:48:46Z, 80.157760 7.012912 2
2017-05-20T05:53:46Z, 80.157681 7.013799 2
2017-05-20T05:58:46Z, 80.157599 7.014698 2
2017-05-20T06:03:46Z, 80.157510 7.015625 2
2017-05-20T06:08:46Z, 80.157414 7.016611 2
2017-05-20T06:13:46Z, 80.157333 7.017700 2
2017-05-20T06:18:46Z, 80.157283 7.018843 2
2017-05-20T06:23:46Z, 80.157273 7.019963 2
2017-05-20T06:28:46Z, 80.157307 7.021132 2
2017-05-20T06:33:46Z, 80.157364 7.022333 2
2017-05-20T06:38:46Z, 80.157447 7.023518 2
2017-05-20T06:43:46Z, 80.157546 7.024716 2
2017-05-20T06:48:46Z, 80.157656 7.025925 2
2017-05-20T06:53:46Z, 80.157778 7.027114 2
2017-05-20T06:58:46Z, 80.157911 7.028315 2
2017-05-20T07:03:46Z, 80.158046 7.029572 2
2017-05-20T07:08:46Z, 80.158177 7.030839 2
2017-05-20T07:13:46Z, 80.158311 7.032096 2
2017-05-20T07:18:46Z, 80.158446 7.033331 2
2017-05-20T07:23:46Z, 80.158577 7.034597 2
2017-05-20T07:28:46Z, 80.158711 7.035841 2
2017-05-20T07:33:46Z, 80.158852 7.037034 2
2017-05-20T07:38:46Z, 80.158995 7.038194 2
2017-05-20T07:43:46Z, 80.159147 7.039308 2
2017-05-20T07:48:46Z, 80.159304 7.040393 2
2017-05-20T07:53:46Z, 80.159462 7.041424 2
2017-05-20T07:58:46Z, 80.159614 7.042419 2
2017-05-20T08:03:46Z, 80.159762 7.043384 2
2017-05-20T08:08:46Z, 80.159897 7.044320 2
2017-05-20T08:13:46Z, 80.160033 7.045171 2
2017-05-20T08:18:46Z, 80.160160 7.045989 2
2017-05-20T08:23:46Z, 80.160285 7.046809 2
2017-05-20T08:28:46Z, 80.160407 7.047582 2
2017-05-20T08:33:46Z, 80.160529 7.048327 2
2017-05-20T08:38:46Z, 80.160646 7.049031 2
2017-05-20T08:43:46Z, 80.160770 7.049651 2
2017-05-20T08:48:46Z, 80.160889 7.050226 2
2017-05-20T08:53:46Z, 80.161002 7.050734 2
2017-05-20T08:58:46Z, 80.161115 7.051173 2
2017-05-20T09:03:46Z, 80.161224 7.051588 2
2017-05-20T09:08:46Z, 80.161331 7.051917 2
2017-05-20T09:13:46Z, 80.161438 7.052243 2
2017-05-20T09:18:46Z, 80.161544 7.052510 2
2017-05-20T09:23:46Z, 80.161638 7.052778 2
2017-05-20T09:28:46Z, 80.161731 7.052999 2
2017-05-20T09:33:46Z, 80.161830 7.053173 2
2017-05-20T09:38:46Z, 80.161932 7.053307 2
2017-05-20T09:43:46Z, 80.162031 7.053405 2
2017-05-20T09:48:46Z, 80.162128 7.053428 2
2017-05-20T09:53:46Z, 80.162233 7.053414 2
2017-05-20T09:58:46Z, 80.162344 7.053360 2
2017-05-20T10:03:46Z, 80.162467 7.053233 2
2017-05-20T10:08:46Z, 80.162597 7.053027 2
2017-05-20T10:13:46Z, 80.162735 7.052770 2
2017-05-20T10:18:46Z, 80.162961 7.051829 2
2017-05-20T10:23:46Z, 80.163115 7.051489 2
2017-05-20T10:28:47Z, 80.163192 7.051688 2
2017-05-20T10:33:47Z, 80.163354 7.051208 2
2017-05-20T10:38:47Z, 80.163516 7.050669 2
2017-05-20T10:43:47Z, 80.163683 7.050054 2
2017-05-20T10:48:46Z, 80.163850 7.049397 2
2017-05-20T10:53:46Z, 80.164016 7.048679 2
2017-05-20T10:58:46Z, 80.164185 7.047893 2
2017-05-20T11:03:45Z, 80.164359 7.047064 2
2017-05-20T11:08:45Z, 80.164525 7.046163 2
2017-05-20T11:13:45Z, 80.164694 7.045220 2
2017-05-20T11:18:45Z, 80.164858 7.044217 2
2017-05-20T11:23:45Z, 80.165021 7.043156 2
2017-05-20T11:28:45Z, 80.165191 7.042052 2
2017-05-20T11:33:46Z, 80.165363 7.040865 2
2017-05-20T11:38:46Z, 80.165531 7.039621 2
2017-05-20T11:43:46Z, 80.165698 7.038290 2
2017-05-20T11:48:46Z, 80.165869 7.036880 2
2017-05-20T11:53:46Z, 80.166031 7.035398 2
2017-05-20T11:58:46Z, 80.166200 7.033904 2
2017-05-20T12:03:46Z, 80.166365 7.032373 2
2017-05-20T12:08:46Z, 80.166533 7.030805 2
2017-05-20T12:13:46Z, 80.166696 7.029176 2
2017-05-20T12:18:46Z, 80.166862 7.027538 2
2017-05-20T12:23:46Z, 80.167029 7.025891 2
2017-05-20T12:28:46Z, 80.167192 7.024252 2
2017-05-20T12:33:46Z, 80.167357 7.022626 2
2017-05-20T12:38:46Z, 80.167525 7.021007 2
2017-05-20T12:43:46Z, 80.167693 7.019437 2
2017-05-20T12:48:46Z, 80.167857 7.017884 2
2017-05-20T12:53:46Z, 80.168019 7.016329 2
2017-05-20T12:58:46Z, 80.168180 7.014806 2
2017-05-20T13:03:46Z, 80.168340 7.013279 2
2017-05-20T13:08:46Z, 80.168493 7.011754 2
2017-05-20T13:13:46Z, 80.168652 7.010269 2
2017-05-20T13:18:46Z, 80.168812 7.008782 2
2017-05-20T13:23:46Z, 80.168967 7.007276 2
2017-05-20T13:28:46Z, 80.169123 7.005739 2
2017-05-20T13:33:46Z, 80.169277 7.004175 2
2017-05-20T13:38:46Z, 80.169425 7.002568 2
2017-05-20T13:43:46Z, 80.169568 7.000896 2
2017-05-20T13:48:46Z, 80.169704 6.999178 2
2017-05-20T13:53:46Z, 80.169840 6.997396 2
2017-05-20T13:58:46Z, 80.169974 6.995583 2
2017-05-20T14:03:46Z, 80.170100 6.993801 2
2017-05-20T14:08:46Z, 80.170220 6.991967 2
2017-05-20T14:13:46Z, 80.170331 6.990135 2
2017-05-20T14:18:46Z, 80.170435 6.988314 2
2017-05-20T14:23:46Z, 80.170531 6.986496 2
2017-05-20T14:28:46Z, 80.170626 6.984666 2
2017-05-20T14:33:46Z, 80.170713 6.982806 2
2017-05-20T14:38:46Z, 80.170797 6.980877 2
2017-05-20T14:43:46Z, 80.170875 6.978910 2
2017-05-20T14:48:46Z, 80.170949 6.976868 2
2017-05-20T14:53:46Z, 80.171025 6.974790 2
2017-05-20T14:58:46Z, 80.171095 6.972702 2
2017-05-20T15:03:46Z, 80.171162 6.970583 2
2017-05-20T15:08:46Z, 80.171233 6.968374 2
2017-05-20T15:13:46Z, 80.171297 6.966217 2
2017-05-20T15:18:46Z, 80.171362 6.964075 2
2017-05-20T15:23:46Z, 80.171422 6.961906 2
2017-05-20T15:28:46Z, 80.171481 6.959706 2
2017-05-20T15:33:46Z, 80.171544 6.957510 2
2017-05-20T15:38:46Z, 80.171608 6.955307 2
2017-05-20T15:43:46Z, 80.171662 6.953169 2
2017-05-20T15:48:46Z, 80.171701 6.951038 2
2017-05-20T15:53:46Z, 80.171742 6.948910 2
2017-05-20T15:58:46Z, 80.171791 6.946773 2
2017-05-20T16:03:46Z, 80.171837 6.944644 2
2017-05-20T16:08:46Z, 80.171889 6.942502 2
2017-05-20T16:13:46Z, 80.171947 6.940342 2
2017-05-20T16:18:46Z, 80.172016 6.938228 2
2017-05-20T16:23:46Z, 80.172086 6.936150 2
2017-05-20T16:28:46Z, 80.172161 6.934064 2
2017-05-20T16:33:46Z, 80.172240 6.931957 2
2017-05-20T16:38:46Z, 80.172325 6.929813 2
2017-05-20T16:43:46Z, 80.172421 6.927562 2
2017-05-20T16:48:46Z, 80.172531 6.925245 2
2017-05-20T16:53:46Z, 80.172652 6.922865 2
2017-05-20T16:58:46Z, 80.172780 6.920434 2
2017-05-20T17:03:46Z, 80.172919 6.917996 2
2017-05-20T17:08:46Z, 80.173079 6.915307 2
2017-05-20T17:13:46Z, 80.173291 6.909703 2
2017-05-20T17:18:46Z, 80.173219 6.904249 2
2017-05-20T17:23:46Z, 80.171846 6.899552 2
2017-05-20T17:28:46Z, 80.170199 6.896505 2
2017-05-20T17:33:46Z, 80.168557 6.891252 2
2017-05-20T17:38:46Z, 80.168758 6.888605 2
2017-05-20T17:43:46Z, 80.169006 6.886054 2
2017-05-20T17:48:46Z, 80.169181 6.883456 2
2017-05-20T17:53:46Z, 80.169014 6.881454 2
2017-05-20T17:58:46Z, 80.167412 6.880727 2
2017-05-20T18:03:46Z, 80.167490 6.878318 2
2017-05-20T18:08:46Z, 80.167625 6.875611 2
2017-05-20T18:13:46Z, 80.167410 6.872961 2
2017-05-20T18:18:46Z, 80.167748 6.870650 2
2017-05-20T18:23:46Z, 80.168030 6.868436 2
2017-05-20T18:28:46Z, 80.168382 6.866284 2
2017-05-20T18:33:46Z, 80.168095 6.864522 2
2017-05-20T18:38:46Z, 80.168370 6.862570 2
2017-05-20T18:43:46Z, 80.168982 6.860247 2
2017-05-20T18:48:46Z, 80.168785 6.859561 2
2017-05-20T18:53:46Z, 80.168571 6.862058 2
2017-05-20T18:58:46Z, 80.168868 6.860340 2
2017-05-20T19:03:46Z, 80.169159 6.858795 2
2017-05-20T19:08:47Z, 80.169442 6.857321 2
2017-05-20T19:13:47Z, 80.169733 6.855953 2
2017-05-20T19:18:47Z, 80.170119 6.853923 2
2017-05-20T19:23:47Z, 80.169031 6.863755 2
2017-05-20T19:28:47Z, 80.167850 6.868100 2
2017-05-20T19:33:47Z, 80.166113 6.862467 2
2017-05-20T19:38:47Z, 80.166476 6.861484 2
2017-05-20T19:43:47Z, 80.166998 6.860852 2
2017-05-20T19:48:47Z, 80.167227 6.857621 2
2017-05-20T19:53:46Z, 80.167608 6.857003 2
2017-05-20T19:58:46Z, 80.168253 6.854496 2
2017-05-20T20:03:46Z, 80.168658 6.853755 2
2017-05-20T20:08:46Z, 80.169082 6.853006 2
2017-05-20T20:13:46Z, 80.169501 6.852398 2
2017-05-20T20:18:46Z, 80.169923 6.851821 2
2017-05-20T20:23:46Z, 80.170355 6.851281 2
2017-05-20T20:28:46Z, 80.170801 6.850740 2
2017-05-20T20:33:46Z, 80.171255 6.850218 2
2017-05-20T20:38:46Z, 80.171711 6.849743 2
2017-05-20T20:43:46Z, 80.172161 6.849311 2
2017-05-20T20:48:46Z, 80.172617 6.848877 2
2017-05-20T20:53:46Z, 80.173071 6.848597 2
2017-05-20T20:58:46Z, 80.173536 6.848357 2
2017-05-20T21:03:46Z, 80.174027 6.848379 2
2017-05-20T21:08:46Z, 80.174511 6.848412 2
2017-05-20T21:13:46Z, 80.175010 6.848459 2
2017-05-20T21:18:46Z, 80.175518 6.848539 2
2017-05-20T21:23:46Z, 80.175996 6.848693 2
2017-05-20T21:28:46Z, 80.176450 6.848847 2
2017-05-20T21:33:46Z, 80.176907 6.848888 2
2017-05-20T21:38:46Z, 80.177365 6.848862 2
2017-05-20T21:43:46Z, 80.177812 6.848757 2
2017-05-20T21:48:46Z, 80.178260 6.848600 2
2017-05-20T21:53:46Z, 80.178704 6.848356 2
2017-05-20T21:58:46Z, 80.179138 6.848040 2
2017-05-20T22:03:46Z, 80.179564 6.847649 2
2017-05-20T22:08:46Z, 80.179980 6.847204 2
2017-05-20T22:13:46Z, 80.180390 6.846743 2
2017-05-20T22:18:46Z, 80.180802 6.846292 2
2017-05-20T22:23:46Z, 80.181215 6.845915 2
2017-05-20T22:28:46Z, 80.181636 6.845651 2
2017-05-20T22:33:46Z, 80.182050 6.845427 2
2017-05-20T22:38:46Z, 80.182459 6.845204 2
2017-05-20T22:43:46Z, 80.182862 6.844995 2
2017-05-20T22:48:46Z, 80.183257 6.844698 2
2017-05-20T22:53:46Z, 80.183643 6.844381 2
2017-05-20T22:58:46Z, 80.184021 6.844005 2
2017-05-20T23:03:46Z, 80.184388 6.843651 2
2017-05-20T23:08:46Z, 80.184750 6.843296 2
2017-05-20T23:13:46Z, 80.185113 6.842899 2
2017-05-20T23:18:46Z, 80.185470 6.842554 2
2017-05-20T23:23:46Z, 80.185831 6.842323 2
2017-05-20T23:28:46Z, 80.186191 6.842107 2
2017-05-20T23:33:46Z, 80.186546 6.841994 2
2017-05-20T23:38:46Z, 80.186896 6.842005 2
2017-05-20T23:43:46Z, 80.187232 6.842102 2
2017-05-20T23:48:46Z, 80.187564 6.842258 2
2017-05-20T23:53:46Z, 80.187895 6.842455 2
2017-05-20T23:58:46Z, 80.188223 6.842692 2
2017-05-21T00:03:46Z, 80.188536 6.842999 1
2017-05-21T00:08:46Z, 80.188854 6.843367 2
2017-05-21T00:13:46Z, 80.189167 6.843774 2
2017-05-21T00:18:46Z, 80.189469 6.844239 2
2017-05-21T00:23:46Z, 80.189762 6.844702 2
2017-05-21T00:28:46Z, 80.190051 6.845171 2
2017-05-21T00:33:46Z, 80.190346 6.845632 2
2017-05-21T00:38:46Z, 80.190634 6.846095 2
2017-05-21T00:43:46Z, 80.190909 6.846572 2
2017-05-21T00:48:46Z, 80.191174 6.847109 2
2017-05-21T00:53:46Z, 80.191425 6.847610 2
2017-05-21T00:58:46Z, 80.191663 6.848179 2
2017-05-21T01:03:46Z, 80.191896 6.848798 2
2017-05-21T01:08:46Z, 80.192123 6.849394 2
2017-05-21T01:13:46Z, 80.192328 6.850045 2
2017-05-21T01:18:46Z, 80.192527 6.850715 2
2017-05-21T01:23:46Z, 80.192716 6.851401 2
2017-05-21T01:28:46Z, 80.192889 6.852117 2
2017-05-21T01:33:46Z, 80.193033 6.852826 2
2017-05-21T01:38:46Z, 80.193162 6.853546 2
2017-05-21T01:43:46Z, 80.193275 6.854257 2
2017-05-21T01:48:46Z, 80.193373 6.854936 2
2017-05-21T01:53:46Z, 80.193462 6.855576 2
2017-05-21T01:58:46Z, 80.193541 6.856208 2
2017-05-21T02:03:46Z, 80.193609 6.856822 2
2017-05-21T02:08:46Z, 80.193664 6.857420 2
2017-05-21T02:13:46Z, 80.193703 6.858031 2
2017-05-21T02:18:46Z, 80.193728 6.858635 2
2017-05-21T02:23:46Z, 80.193743 6.859247 2
2017-05-21T02:28:46Z, 80.193741 6.859849 2
2017-05-21T02:33:46Z, 80.193726 6.860480 2
2017-05-21T02:38:46Z, 80.193689 6.861094 2
2017-05-21T02:43:46Z, 80.193640 6.861691 2
2017-05-21T02:48:46Z, 80.193580 6.862267 2
2017-05-21T02:53:46Z, 80.193505 6.862829 2
2017-05-21T02:58:46Z, 80.193414 6.863364 2
2017-05-21T03:03:46Z, 80.193308 6.863896 2
2017-05-21T03:08:46Z, 80.193192 6.864415 2
2017-05-21T03:13:46Z, 80.193061 6.864921 2
2017-05-21T03:18:46Z, 80.192917 6.865384 2
2017-05-21T03:23:46Z, 80.192764 6.865847 2
2017-05-21T03:28:46Z, 80.192604 6.866316 2
2017-05-21T03:33:46Z, 80.192432 6.866787 2
2017-05-21T03:38:46Z, 80.192248 6.867227 2
2017-05-21T03:43:46Z, 80.192056 6.867698 2
2017-05-21T03:48:46Z, 80.191854 6.868154 2
2017-05-21T03:53:46Z, 80.191642 6.868580 2
2017-05-21T03:58:46Z, 80.191428 6.869003 2
2017-05-21T04:03:46Z, 80.191205 6.869369 2
2017-05-21T04:08:46Z, 80.190981 6.869708 2
2017-05-21T04:13:46Z, 80.190753 6.870046 2
2017-05-21T04:18:46Z, 80.190515 6.870397 2
2017-05-21T04:23:46Z, 80.190274 6.870749 2
2017-05-21T04:28:46Z, 80.190021 6.871086 2
2017-05-21T04:33:47Z, 80.189758 6.871471 2
2017-05-21T04:38:47Z, 80.189488 6.871819 2
2017-05-21T04:43:47Z, 80.189206 6.872220 2
2017-05-21T04:48:47Z, 80.188921 6.872615 2
2017-05-21T04:53:47Z, 80.188630 6.873073 2
2017-05-21T04:58:47Z, 80.188327 6.873581 2
2017-05-21T05:03:46Z, 80.188010 6.874124 2
2017-05-21T05:08:46Z, 80.187680 6.874679 2
2017-05-21T05:13:46Z, 80.187340 6.875238 2
2017-05-21T05:18:46Z, 80.186979 6.875795 2
2017-05-21T05:23:46Z, 80.186614 6.876337 2
2017-05-21T05:28:46Z, 80.186235 6.876896 2
2017-05-21T05:33:46Z, 80.185839 6.877444 2
2017-05-21T05:38:46Z, 80.185429 6.877991 2
2017-05-21T05:43:46Z, 80.185000 6.878548 2
2017-05-21T05:48:46Z, 80.184557 6.879105 2
2017-05-21T05:53:46Z, 80.184110 6.879610 2
2017-05-21T05:58:46Z, 80.183644 6.880034 2
2017-05-21T06:03:46Z, 80.183156 6.880423 2
2017-05-21T06:08:46Z, 80.182649 6.880764 2
2017-05-21T06:13:46Z, 80.182121 6.881065 2
2017-05-21T06:18:46Z, 80.181568 6.881268 2
2017-05-21T06:23:46Z, 80.180991 6.881398 2
2017-05-21T06:28:46Z, 80.180396 6.881441 2
2017-05-21T06:33:46Z, 80.179776 6.881425 2
2017-05-21T06:38:46Z, 80.179131 6.881309 2
2017-05-21T06:43:46Z, 80.178462 6.881132 2
2017-05-21T06:48:46Z, 80.177773 6.880857 2
2017-05-21T06:53:46Z, 80.177070 6.880487 2
2017-05-21T06:58:46Z, 80.176355 6.880026 2
2017-05-21T07:03:46Z, 80.175629 6.879434 2
2017-05-21T07:08:46Z, 80.174894 6.878739 2
2017-05-21T07:13:46Z, 80.174144 6.877980 2
2017-05-21T07:18:46Z, 80.173382 6.877165 2
2017-05-21T07:23:46Z, 80.172602 6.876281 2
2017-05-21T07:28:46Z, 80.171812 6.875353 2
2017-05-21T07:33:46Z, 80.171011 6.874386 2
2017-05-21T07:38:46Z, 80.170194 6.873409 2
2017-05-21T07:43:46Z, 80.169372 6.872405 2
2017-05-21T07:48:46Z, 80.168534 6.871415 2
2017-05-21T07:53:46Z, 80.167666 6.870426 2
2017-05-21T07:58:46Z, 80.166775 6.869396 2
2017-05-21T08:03:46Z, 80.165868 6.868376 2
2017-05-21T08:08:46Z, 80.164941 6.867333 2
2017-05-21T08:13:46Z, 80.164054 6.866203 2
2017-05-21T08:18:46Z, 80.163145 6.864994 2
2017-05-21T08:23:46Z, 80.162244 6.863728 2
2017-05-21T08:28:46Z, 80.161341 6.862390 2
2017-05-21T08:33:46Z, 80.160438 6.860983 2
2017-05-21T08:38:46Z, 80.159522 6.859515 2
2017-05-21T08:43:46Z, 80.158615 6.857996 2
2017-05-21T08:48:46Z, 80.157712 6.856411 2
2017-05-21T08:53:46Z, 80.156803 6.854784 2
2017-05-21T08:58:46Z, 80.155895 6.853126 2
2017-05-21T09:03:46Z, 80.154984 6.851353 2
2017-05-21T09:08:46Z, 80.154063 6.849477 2
2017-05-21T09:13:46Z, 80.153132 6.847573 2
2017-05-21T09:18:46Z, 80.152203 6.845583 2
2017-05-21T09:23:46Z, 80.151254 6.843511 2
2017-05-21T09:28:46Z, 80.150303 6.841437 2
2017-05-21T09:33:46Z, 80.149352 6.839318 2
2017-05-21T09:38:47Z, 80.148409 6.837218 2
2017-05-21T09:43:46Z, 80.147465 6.835033 2
2017-05-21T09:48:47Z, 80.146516 6.832691 2
2017-05-21T09:53:47Z, 80.145566 6.830273 2
2017-05-21T09:58:47Z, 80.144602 6.827852 2
2017-05-21T10:03:47Z, 80.143643 6.825301 2
2017-05-21T10:08:47Z, 80.142681 6.822728 2
2017-05-21T10:13:47Z, 80.141804 6.819468 2
2017-05-21T10:18:47Z, 80.140827 6.816763 2
2017-05-21T10:23:47Z, 80.139733 6.814681 2
2017-05-21T10:28:47Z, 80.138740 6.811941 2
2017-05-21T10:33:47Z, 80.137726 6.809098 2
2017-05-21T10:38:47Z, 80.136725 6.806209 2
2017-05-21T10:43:47Z, 80.135701 6.803295 2
2017-05-21T10:48:47Z, 80.134679 6.800252 2
2017-05-21T10:53:47Z, 80.133639 6.797192 2
2017-05-21T10:58:47Z, 80.132580 6.794071 2
2017-05-21T11:03:47Z, 80.131579 6.790777 2
2017-05-21T11:08:47Z, 80.130493 6.787384 2
2017-05-21T11:13:47Z, 80.130297 6.775410 2
2017-05-21T11:18:47Z, 80.129502 6.769938 2
2017-05-21T11:23:47Z, 80.127760 6.773108 2
2017-05-21T11:28:47Z, 80.126453 6.771501 2
2017-05-21T11:33:47Z, 80.125179 6.767570 2
2017-05-21T11:38:47Z, 80.124099 6.764035 2
2017-05-21T11:43:47Z, 80.123037 6.760205 2
2017-05-21T11:48:47Z, 80.121973 6.756337 2
2017-05-21T11:53:47Z, 80.120916 6.752454 2
2017-05-21T11:58:47Z, 80.119862 6.748506 2
2017-05-21T12:03:47Z, 80.118823 6.744615 2
2017-05-21T12:08:47Z, 80.117793 6.740582 2
2017-05-21T12:13:47Z, 80.116776 6.736479 2
2017-05-21T12:18:47Z, 80.115771 6.732373 2
2017-05-21T12:23:47Z, 80.114774 6.728271 2
2017-05-21T12:28:47Z, 80.113785 6.724170 2
2017-05-21T12:33:47Z, 80.112799 6.719965 2
2017-05-21T12:38:47Z, 80.111826 6.715741 2
2017-05-21T12:43:47Z, 80.110856 6.711463 2
2017-05-21T12:48:47Z, 80.109897 6.707176 2
2017-05-21T12:53:47Z, 80.108935 6.702814 2
2017-05-21T12:58:47Z, 80.107973 6.698404 2
2017-05-21T13:03:47Z, 80.107024 6.693977 2
2017-05-21T13:08:47Z, 80.106099 6.689468 2
2017-05-21T13:13:47Z, 80.105187 6.684913 2
2017-05-21T13:18:47Z, 80.104278 6.680275 2
2017-05-21T13:23:47Z, 80.103375 6.675662 2
2017-05-21T13:28:47Z, 80.102466 6.671008 2
2017-05-21T13:33:47Z, 80.101551 6.666362 2
2017-05-21T13:38:47Z, 80.100666 6.661651 2
2017-05-21T13:43:47Z, 80.099800 6.656905 2
2017-05-21T13:48:47Z, 80.098936 6.652163 2
2017-05-21T13:53:47Z, 80.098074 6.647398 2
2017-05-21T13:58:47Z, 80.097230 6.642554 2
2017-05-21T14:03:47Z, 80.096409 6.637682 2
2017-05-21T14:08:47Z, 80.095589 6.632757 2
2017-05-21T14:13:47Z, 80.094769 6.627783 2
2017-05-21T14:18:47Z, 80.093938 6.622743 2
2017-05-21T14:23:47Z, 80.093152 6.617694 2
2017-05-21T14:28:47Z, 80.092377 6.612629 2
2017-05-21T14:33:47Z, 80.091617 6.607569 2
2017-05-21T14:38:47Z, 80.090864 6.602535 2
2017-05-21T14:43:47Z, 80.090138 6.597581 2
2017-05-21T14:48:47Z, 80.089433 6.592731 2
2017-05-21T14:53:47Z, 80.088729 6.587923 2
2017-05-21T14:58:47Z, 80.088027 6.583128 2
2017-05-21T15:03:47Z, 80.087328 6.578428 2
2017-05-21T15:08:47Z, 80.086697 6.574206 2
2017-05-21T15:13:47Z, 80.086003 6.569643 2
2017-05-21T15:18:47Z, 80.085311 6.565241 2
2017-05-21T15:23:47Z, 80.084604 6.561015 2
2017-05-21T15:28:47Z, 80.084671 6.560131 2
2017-05-21T15:33:47Z, 80.086238 6.557855 2
2017-05-21T15:38:47Z, 80.086798 6.555981 2
2017-05-21T15:43:47Z, 80.088091 6.554446 2
2017-05-21T15:48:47Z, 80.088764 6.551399 2
2017-05-21T15:53:47Z, 80.089749 6.558683 2
2017-05-21T15:58:47Z, 80.090651 6.564423 2
2017-05-21T16:03:47Z, 80.090310 6.561766 2
2017-05-21T16:08:47Z, 80.091223 6.567289 2
2017-05-21T16:13:47Z, 80.092984 6.568390 2
2017-05-21T16:18:47Z, 80.093636 6.562322 2
2017-05-21T16:23:47Z, 80.093226 6.558284 2
2017-05-21T16:28:47Z, 80.095923 6.550942 2
2017-05-21T16:33:47Z, 80.098360 6.547569 2
2017-05-21T16:38:47Z, 80.101645 6.549094 2
2017-05-21T16:43:47Z, 80.104174 6.545952 2
2017-05-21T16:48:47Z, 80.105605 6.551541 2
2017-05-21T16:53:47Z, 80.105432 6.552918 2
2017-05-21T16:58:47Z, 80.106448 6.559086 2
2017-05-21T17:03:47Z, 80.106734 6.557954 2
2017-05-21T17:08:47Z, 80.106772 6.558315 2
2017-05-21T17:13:47Z, 80.108688 6.561448 2
2017-05-21T17:18:47Z, 80.109038 6.564751 2
2017-05-21T17:23:47Z, 80.108851 6.564325 2
2017-05-21T17:28:48Z, 80.109417 6.567551 2
2017-05-21T17:33:48Z, 80.108792 6.564908 2
2017-05-21T17:38:48Z, 80.108542 6.564914 2
2017-05-21T17:43:48Z, 80.109949 6.565376 2
2017-05-21T17:48:48Z, 80.110003 6.560417 2
2017-05-21T17:53:48Z, 80.109393 6.557812 2
2017-05-21T17:58:48Z, 80.108783 6.555286 2
2017-05-21T18:03:48Z, 80.108171 6.552808 2
2017-05-21T18:08:48Z, 80.107016 6.551934 2
2017-05-21T18:13:48Z, 80.106950 6.558138 2
2017-05-21T18:18:48Z, 80.107009 6.565192 2
2017-05-21T18:23:48Z, 80.106545 6.563442 2
2017-05-21T18:28:48Z, 80.105823 6.558833 2
2017-05-21T18:33:48Z, 80.105605 6.552259 2
2017-05-21T18:38:48Z, 80.105026 6.549864 2
2017-05-21T18:43:48Z, 80.104450 6.547481 2
2017-05-21T18:48:48Z, 80.103880 6.545113 2
2017-05-21T18:53:48Z, 80.103307 6.542782 2
2017-05-21T18:58:48Z, 80.102742 6.540468 2
2017-05-21T19:03:48Z, 80.102178 6.538158 2
2017-05-21T19:08:48Z, 80.101626 6.535826 2
2017-05-21T19:13:48Z, 80.101078 6.533503 2
2017-05-21T19:18:48Z, 80.100541 6.531164 2
2017-05-21T19:23:48Z, 80.100010 6.528805 2
2017-05-21T19:28:48Z, 80.099485 6.526519 2
2017-05-21T19:33:48Z, 80.098943 6.524311 2
2017-05-21T19:38:48Z, 80.098449 6.522009 2
2017-05-21T19:43:48Z, 80.097964 6.519746 2
2017-05-21T19:48:48Z, 80.097473 6.517509 2
2017-05-21T19:53:48Z, 80.096994 6.515238 2
2017-05-21T19:58:48Z, 80.096531 6.512957 2
2017-05-21T20:03:48Z, 80.096081 6.510726 2
2017-05-21T20:08:48Z, 80.095635 6.508528 2
2017-05-21T20:13:48Z, 80.095169 6.506416 2
2017-05-21T20:18:48Z, 80.094713 6.504356 2
2017-05-21T20:23:48Z, 80.094275 6.502395 2
2017-05-21T20:28:48Z, 80.093828 6.500412 2
2017-05-21T20:33:48Z, 80.093398 6.498412 2
2017-05-21T20:38:48Z, 80.092984 6.496294 2
2017-05-21T20:43:48Z, 80.092607 6.494188 2
2017-05-21T20:48:48Z, 80.092234 6.492119 2
2017-05-21T20:53:48Z, 80.091851 6.490127 2
2017-05-21T20:58:48Z, 80.091467 6.488040 2
2017-05-21T21:03:48Z, 80.091092 6.485994 2
2017-05-21T21:08:48Z, 80.090732 6.483923 2
2017-05-21T21:13:48Z, 80.090386 6.481896 2
2017-05-21T21:18:48Z, 80.090046 6.479891 2
2017-05-21T21:23:48Z, 80.089716 6.477906 2
2017-05-21T21:28:48Z, 80.089392 6.476030 2
2017-05-21T21:33:48Z, 80.089078 6.474318 2
2017-05-21T21:38:48Z, 80.088761 6.472681 2
2017-05-21T21:43:48Z, 80.088420 6.471051 2
2017-05-21T21:48:48Z, 80.088079 6.469583 2
2017-05-21T21:53:48Z, 80.087727 6.468252 2
2017-05-21T21:58:48Z, 80.087366 6.466858 2
2017-05-21T22:03:48Z, 80.087025 6.465377 2
2017-05-21T22:08:48Z, 80.086685 6.464045 2
2017-05-21T22:13:48Z, 80.086319 6.462597 2
2017-05-21T22:18:48Z, 80.085949 6.461252 2
2017-05-21T22:23:48Z, 80.085583 6.459966 2
2017-05-21T22:28:48Z, 80.085219 6.458725 2
2017-05-21T22:33:48Z, 80.084852 6.457559 2
2017-05-21T22:38:48Z, 80.084482 6.456434 2
2017-05-21T22:43:48Z, 80.084105 6.455311 2
2017-05-21T22:48:48Z, 80.083763 6.454088 2
2017-05-21T22:53:48Z, 80.083436 6.452813 2
2017-05-21T22:58:48Z, 80.083089 6.451638 2
2017-05-21T23:03:48Z, 80.082750 6.450570 2
2017-05-21T23:08:48Z, 80.082420 6.449711 2
2017-05-21T23:13:48Z, 80.082077 6.448930 2
2017-05-21T23:18:48Z, 80.081724 6.448268 2
2017-05-21T23:23:48Z, 80.081360 6.447725 2
2017-05-21T23:28:48Z, 80.080983 6.447144 2
2017-05-21T23:33:48Z, 80.080598 6.446578 2
2017-05-21T23:38:48Z, 80.080194 6.446058 2
2017-05-21T23:43:48Z, 80.079784 6.445582 2
2017-05-21T23:48:48Z, 80.079372 6.445083 2
2017-05-21T23:53:48Z, 80.078947 6.444621 2
2017-05-21T23:58:48Z, 80.078477 6.444322 2
2017-05-22T00:03:48Z, 80.078060 6.443941 1
2017-05-22T00:08:48Z, 80.077654 6.443557 2
2017-05-22T00:13:48Z, 80.077298 6.443130 2
2017-05-22T00:18:48Z, 80.076916 6.442781 2
2017-05-22T00:23:48Z, 80.076542 6.442443 2
2017-05-22T00:28:48Z, 80.076174 6.442142 2
2017-05-22T00:33:48Z, 80.075814 6.441879 2
2017-05-22T00:38:48Z, 80.075451 6.441618 2
2017-05-22T00:43:49Z, 80.075091 6.441387 2
2017-05-22T00:48:49Z, 80.074721 6.441167 2
2017-05-22T00:53:49Z, 80.074336 6.440961 2
2017-05-22T00:58:49Z, 80.073937 6.440754 2
2017-05-22T01:03:49Z, 80.073527 6.440533 2
2017-05-22T01:08:49Z, 80.073116 6.440297 2
2017-05-22T01:13:49Z, 80.072708 6.440038 2
2017-05-22T01:18:49Z, 80.072301 6.439733 2
2017-05-22T01:23:49Z, 80.071900 6.439357 2
2017-05-22T01:28:49Z, 80.071499 6.438967 2
2017-05-22T01:33:49Z, 80.071089 6.438585 2
2017-05-22T01:38:49Z, 80.070661 6.438202 2
2017-05-22T01:43:49Z, 80.070226 6.437880 2
2017-05-22T01:48:49Z, 80.069782 6.437593 2
2017-05-22T01:53:49Z, 80.069333 6.437330 2
2017-05-22T01:58:49Z, 80.068874 6.437042 2
2017-05-22T02:03:49Z, 80.068385 6.436690 2
2017-05-22T02:08:49Z, 80.067894 6.436241 2
2017-05-22T02:13:49Z, 80.067393 6.435804 2
2017-05-22T02:18:49Z, 80.066883 6.435352 2
2017-05-22T02:23:49Z, 80.066280 6.435095 2
2017-05-22T02:28:49Z, 80.065745 6.434640 2
2017-05-22T02:33:49Z, 80.065181 6.434181 2
2017-05-22T02:38:49Z, 80.064600 6.433603 2
2017-05-22T02:43:49Z, 80.064072 6.432732 2
2017-05-22T02:48:49Z, 80.063577 6.431894 2
2017-05-22T02:53:49Z, 80.063067 6.431278 2
2017-05-22T02:58:49Z, 80.062559 6.430753 2
2017-05-22T03:03:49Z, 80.062050 6.430129 2
2017-05-22T03:08:49Z, 80.061517 6.429631 2
2017-05-22T03:13:49Z, 80.060997 6.429145 2
2017-05-22T03:18:49Z, 80.060376 6.428898 2
2017-05-22T03:23:49Z, 80.059807 6.428661 2
2017-05-22T03:28:49Z, 80.059223 6.428310 2
2017-05-22T03:33:49Z, 80.058607 6.428078 2
2017-05-22T03:38:49Z, 80.058077 6.427384 2
2017-05-22T03:43:49Z, 80.057484 6.426867 2
2017-05-22T03:48:49Z, 80.056893 6.426370 2
2017-05-22T03:53:49Z, 80.056312 6.425843 2
2017-05-22T03:58:49Z, 80.055654 6.425417 2
2017-05-22T04:03:49Z, 80.055012 6.424859 2
2017-05-22T04:08:49Z, 80.054446 6.424101 2
2017-05-22T04:13:49Z, 80.053815 6.423556 2
2017-05-22T04:18:49Z, 80.053125 6.423190 2
2017-05-22T04:23:49Z, 80.052419 6.422882 2
2017-05-22T04:28:49Z, 80.051727 6.422591 2
2017-05-22T04:33:49Z, 80.051047 6.422417 2
2017-05-22T04:38:49Z, 80.050337 6.422239 2
2017-05-22T04:43:49Z, 80.049683 6.421814 2
2017-05-22T04:48:49Z, 80.048885 6.421774 2
2017-05-22T04:53:49Z, 80.048136 6.421542 2
2017-05-22T04:58:49Z, 80.047388 6.421246 2
2017-05-22T05:03:49Z, 80.046693 6.420759 2
2017-05-22T05:08:49Z, 80.045988 6.420395 2
2017-05-22T05:13:49Z, 80.045253 6.420001 2
2017-05-22T05:18:49Z, 80.044432 6.419790 2
2017-05-22T05:23:49Z, 80.043660 6.419386 2
2017-05-22T05:28:49Z, 80.042886 6.418932 2
2017-05-22T05:33:49Z, 80.042108 6.418453 2
2017-05-22T05:38:49Z, 80.041335 6.417880 2
2017-05-22T05:43:49Z, 80.040503 6.417473 2
2017-05-22T05:48:49Z, 80.039654 6.417080 2
2017-05-22T05:53:49Z, 80.038796 6.416752 2
2017-05-22T05:58:49Z, 80.037946 6.416404 2
2017-05-22T06:03:49Z, 80.037110 6.416003 2
2017-05-22T06:08:49Z, 80.036288 6.415556 2
2017-05-22T06:13:49Z, 80.035476 6.415086 2
2017-05-22T06:18:49Z, 80.034656 6.414614 2
2017-05-22T06:23:49Z, 80.033829 6.414075 2
2017-05-22T06:28:49Z, 80.033011 6.413485 2
2017-05-22T06:33:49Z, 80.032181 6.412922 2
2017-05-22T06:38:49Z, 80.031335 6.412403 2
2017-05-22T06:43:49Z, 80.030486 6.411900 2
2017-05-22T06:48:49Z, 80.029634 6.411399 2
2017-05-22T06:53:49Z, 80.028788 6.410959 2
2017-05-22T06:58:49Z, 80.027944 6.410582 2
2017-05-22T07:03:49Z, 80.027113 6.410272 2
2017-05-22T07:08:49Z, 80.026284 6.409975 2
2017-05-22T07:13:49Z, 80.025463 6.409706 2
2017-05-22T07:18:49Z, 80.024624 6.409459 2
2017-05-22T07:23:49Z, 80.023758 6.409288 2
2017-05-22T07:28:49Z, 80.022876 6.409253 2
2017-05-22T07:33:49Z, 80.021989 6.409277 2
2017-05-22T07:38:49Z, 80.021101 6.409243 2
2017-05-22T07:43:49Z, 80.020222 6.409271 2
2017-05-22T07:48:49Z, 80.019329 6.409332 2
2017-05-22T07:53:49Z, 80.018432 6.409305 2
2017-05-22T07:58:49Z, 80.017536 6.409144 2
2017-05-22T08:03:49Z, 80.016629 6.408914 2
2017-05-22T08:08:49Z, 80.015717 6.408682 2
2017-05-22T08:13:49Z, 80.014813 6.408372 2
2017-05-22T08:18:49Z, 80.013911 6.408082 2
2017-05-22T08:23:47Z, 80.013016 6.407755 2
2017-05-22T08:28:47Z, 80.012140 6.407376 2
2017-05-22T08:33:47Z, 80.011254 6.406935 2
2017-05-22T08:38:47Z, 80.010345 6.406447 2
2017-05-22T08:43:47Z, 80.009428 6.405936 2
2017-05-22T08:48:47Z, 80.008513 6.405432 2
2017-05-22T08:53:47Z, 80.007592 6.404954 2
2017-05-22T08:58:47Z, 80.006668 6.404526 2
2017-05-22T09:03:47Z, 80.005754 6.404007 2
2017-05-22T09:08:47Z, 80.004837 6.403416 2
2017-05-22T09:13:47Z, 80.003930 6.402782 2
2017-05-22T09:18:47Z, 80.003022 6.402133 2
2017-05-22T09:23:47Z, 80.002128 6.401312 2
2017-05-22T09:28:47Z, 80.001223 6.400394 2
2017-05-22T09:33:47Z, 80.000316 6.399440 2
2017-05-22T09:38:47Z, 79.999413 6.398448 2
2017-05-22T09:43:47Z, 79.998506 6.397417 2
2017-05-22T09:48:47Z, 79.997602 6.396469 2
2017-05-22T09:53:47Z, 79.996717 6.395490 2
2017-05-22T09:58:47Z, 79.995854 6.394500 2
2017-05-22T10:03:47Z, 79.994986 6.393540 2
2017-05-22T10:08:47Z, 79.994217 6.392344 2
2017-05-22T10:13:47Z, 79.993301 6.391241 2
2017-05-22T10:18:47Z, 79.992373 6.390007 2
2017-05-22T10:23:47Z, 79.991301 6.388978 2
2017-05-22T10:28:47Z, 79.990344 6.387649 2
2017-05-22T10:33:47Z, 79.989389 6.386263 2
2017-05-22T10:38:47Z, 79.988430 6.384846 2
2017-05-22T10:43:47Z, 79.987470 6.383417 2
2017-05-22T10:48:47Z, 79.986518 6.382162 2
2017-05-22T10:53:47Z, 79.985571 6.381021 2
2017-05-22T10:58:47Z, 79.984612 6.379957 2
2017-05-22T11:03:47Z, 79.983625 6.378756 2
2017-05-22T11:08:47Z, 79.982632 6.377540 2
2017-05-22T11:13:47Z, 79.981611 6.376422 2
2017-05-22T11:18:47Z, 79.980574 6.375252 2
2017-05-22T11:23:47Z, 79.979522 6.374104 2
2017-05-22T11:28:47Z, 79.978464 6.372699 2
2017-05-22T11:33:47Z, 79.977391 6.371609 2
2017-05-22T11:38:47Z, 79.976315 6.370884 2
2017-05-22T11:43:47Z, 79.975281 6.368598 2
2017-05-22T11:48:47Z, 79.974128 6.367072 2
2017-05-22T11:53:47Z, 79.972977 6.365211 2
2017-05-22T11:58:47Z, 79.970895 6.360854 2
2017-05-22T12:03:47Z, 79.973627 6.352107 2
2017-05-22T12:08:47Z, 79.979211 6.323457 2
2017-05-22T12:13:47Z, 79.983842 6.312112 2
2017-05-22T12:18:47Z, 79.989039 6.305027 2
2017-05-22T12:23:47Z, 79.992145 6.300472 2
2017-05-22T12:28:47Z, 79.994016 6.290234 2
2017-05-22T12:33:47Z, 79.997329 6.293952 2
2017-05-22T12:38:47Z, 79.999108 6.297389 2
2017-05-22T12:43:47Z, 80.001703 6.313378 2
2017-05-22T12:48:47Z, 80.000772 6.334645 2
2017-05-22T12:53:47Z, 80.007576 6.347076 2
2017-05-22T12:58:47Z, 80.007179 6.342793 2
2017-05-22T13:03:47Z, 80.005190 6.349289 2
2017-05-22T13:08:47Z, 80.001868 6.369768 2
2017-05-22T13:13:47Z, 80.004233 6.414736 2
2017-05-22T13:18:47Z, 80.010407 6.474040 2
2017-05-22T13:23:47Z, 80.013702 6.495316 2
2017-05-22T13:28:47Z, 80.023926 6.533501 2
2017-05-22T13:33:47Z, 80.032560 6.550295 2
2017-05-22T13:38:47Z, 80.036952 6.561499 2
2017-05-22T13:43:47Z, 80.045673 6.561463 2
2017-05-22T13:48:47Z, 80.049097 6.550261 2
2017-05-22T13:53:47Z, 80.052318 6.547641 2
2017-05-22T13:58:47Z, 80.058658 6.533196 2
2017-05-22T14:03:47Z, 80.066234 6.538090 2
2017-05-22T14:08:47Z, 80.067346 6.545136 2
2017-05-22T14:13:47Z, 80.069268 6.552924 2
2017-05-22T14:18:47Z, 80.069060 6.550770 2
2017-05-22T14:23:47Z, 80.080269 6.518760 2
2017-05-22T14:28:47Z, 80.089315 6.489537 2
2017-05-22T14:33:47Z, 80.098588 6.478869 2
2017-05-22T14:38:47Z, 80.102634 6.472066 2
2017-05-22T14:43:47Z, 80.109571 6.460426 2
2017-05-22T14:48:47Z, 80.110479 6.452676 2
2017-05-22T14:53:47Z, 80.109695 6.448449 2
2017-05-22T14:58:47Z, 80.109814 6.441792 2
2017-05-22T15:03:47Z, 80.109495 6.437608 2
2017-05-22T15:08:47Z, 80.108764 6.433722 2
2017-05-22T15:13:47Z, 80.108134 6.429945 2
2017-05-22T15:18:47Z, 80.107497 6.426603 2
2017-05-22T15:23:47Z, 80.106602 6.422969 2
2017-05-22T15:28:47Z, 80.105595 6.419272 2
2017-05-22T15:33:47Z, 80.104587 6.415494 2
2017-05-22T15:38:47Z, 80.103592 6.411608 2
2017-05-22T15:43:47Z, 80.102597 6.407641 2
2017-05-22T15:48:47Z, 80.101604 6.403661 2
2017-05-22T15:53:47Z, 80.100615 6.399602 2
2017-05-22T15:58:47Z, 80.099648 6.395464 2
2017-05-22T16:03:47Z, 80.098679 6.391253 2
2017-05-22T16:08:47Z, 80.097719 6.386984 2
2017-05-22T16:13:47Z, 80.096752 6.382700 2
2017-05-22T16:18:47Z, 80.095811 6.378409 2
2017-05-22T16:23:47Z, 80.094852 6.374114 2
2017-05-22T16:28:47Z, 80.093861 6.370022 2
2017-05-22T16:33:48Z, 80.092908 6.365642 2
2017-05-22T16:38:48Z, 80.092129 6.361175 2
2017-05-22T16:43:48Z, 80.091378 6.356519 2
2017-05-22T16:48:48Z, 80.090701 6.351765 2
2017-05-22T16:53:48Z, 80.091878 6.339446 2
2017-05-22T16:58:48Z, 80.097820 6.332573 2
2017-05-22T17:03:48Z, 80.102108 6.354922 2
2017-05-22T17:08:48Z, 80.102171 6.352832 2
2017-05-22T17:13:48Z, 80.100193 6.402816 2
2017-05-22T17:18:48Z, 80.093962 6.444261 2
2017-05-22T17:23:48Z, 80.089282 6.455777 2
2017-05-22T17:28:47Z, 80.088298 6.448916 2
2017-05-22T17:33:47Z, 80.086998 6.443622 2
2017-05-22T17:38:47Z, 80.085661 6.438704 2
2017-05-22T17:43:47Z, 80.084985 6.434753 2
2017-05-22T17:48:47Z, 80.084349 6.430813 2
2017-05-22T17:53:47Z, 80.084326 6.427304 2
2017-05-22T17:58:47Z, 80.084203 6.423891 2
2017-05-22T18:03:47Z, 80.083572 6.421130 2
2017-05-22T18:08:47Z, 80.082943 6.417669 2
2017-05-22T18:13:47Z, 80.082369 6.414324 2
2017-05-22T18:18:47Z, 80.081789 6.411011 2
2017-05-22T18:23:47Z, 80.081218 6.407463 2
2017-05-22T18:28:47Z, 80.080662 6.404012 2
2017-05-22T18:33:47Z, 80.080112 6.400595 2
2017-05-22T18:38:47Z, 80.079583 6.397149 2
2017-05-22T18:43:47Z, 80.079057 6.393801 2
2017-05-22T18:48:47Z, 80.078539 6.390548 2
2017-05-22T18:53:47Z, 80.077985 6.387417 2
2017-05-22T18:58:47Z, 80.077409 6.384447 2
2017-05-22T19:03:47Z, 80.076931 6.381751 2
2017-05-22T19:08:47Z, 80.076485 6.379077 2
2017-05-22T19:13:47Z, 80.076178 6.376451 2
2017-05-22T19:18:47Z, 80.075796 6.373568 2
2017-05-22T19:23:47Z, 80.075413 6.370813 2
2017-05-22T19:28:47Z, 80.075035 6.368230 2
2017-05-22T19:33:47Z, 80.074674 6.365742 2
2017-05-22T19:38:47Z, 80.074339 6.363413 2
2017-05-22T19:43:47Z, 80.074027 6.361212 2
2017-05-22T19:48:47Z, 80.073749 6.359054 2
2017-05-22T19:53:47Z, 80.073504 6.356949 2
2017-05-22T19:58:47Z, 80.073274 6.354937 2
2017-05-22T20:03:47Z, 80.073064 6.353020 2
2017-05-22T20:08:47Z, 80.072861 6.351276 2
2017-05-22T20:13:47Z, 80.072672 6.349648 2
2017-05-22T20:18:47Z, 80.072508 6.348105 2
2017-05-22T20:23:47Z, 80.072358 6.346638 2
2017-05-22T20:28:47Z, 80.072227 6.345242 2
2017-05-22T20:33:47Z, 80.072100 6.343918 2
2017-05-22T20:38:47Z, 80.071975 6.342680 2
2017-05-22T20:43:47Z, 80.071860 6.341529 2
2017-05-22T20:48:47Z, 80.071754 6.340438 2
2017-05-22T20:53:47Z, 80.071657 6.339414 2
2017-05-22T20:58:47Z, 80.071565 6.338455 2
2017-05-22T21:03:47Z, 80.071487 6.337543 2
2017-05-22T21:08:47Z, 80.071415 6.336694 2
2017-05-22T21:13:47Z, 80.071348 6.335894 2
2017-05-22T21:18:47Z, 80.071303 6.335141 2
2017-05-22T21:23:47Z, 80.071250 6.334408 2
2017-05-22T21:28:47Z, 80.071210 6.333742 2
2017-05-22T21:33:47Z, 80.071178 6.333151 2
2017-05-22T21:38:47Z, 80.071163 6.332620 2
2017-05-22T21:43:47Z, 80.071165 6.332156 2
2017-05-22T21:48:47Z, 80.071174 6.331761 2
2017-05-22T21:53:47Z, 80.071191 6.331420 2
2017-05-22T21:58:47Z, 80.071219 6.331184 2
2017-05-22T22:03:47Z, 80.071257 6.331036 2
2017-05-22T22:08:47Z, 80.071303 6.330955 2
2017-05-22T22:13:47Z, 80.071362 6.330963 2
2017-05-22T22:18:47Z, 80.071433 6.331052 2
2017-05-22T22:23:47Z, 80.071455 6.331041 2
2017-05-22T22:28:47Z, 80.071227 6.330314 2
2017-05-22T22:33:47Z, 80.070719 6.330023 2
2017-05-22T22:38:47Z, 80.070712 6.330573 2
2017-05-22T22:43:47Z, 80.070618 6.331396 2
2017-05-22T22:48:47Z, 80.070394 6.332671 2
2017-05-22T22:53:48Z, 80.070282 6.334818 2
2017-05-22T22:58:48Z, 80.070310 6.335938 2
2017-05-22T23:03:48Z, 80.069553 6.341637 2
2017-05-22T23:08:48Z, 80.067357 6.355471 2
2017-05-22T23:13:48Z, 80.067153 6.360696 2
2017-05-22T23:18:48Z, 80.059215 6.424275 2
2017-05-22T23:23:48Z, 80.047759 6.486047 2
2017-05-22T23:28:48Z, 80.034592 6.532471 2
2017-05-22T23:33:48Z, 80.020146 6.573046 2
2017-05-22T23:38:48Z, 80.005191 6.610616 2
2017-05-22T23:43:48Z, 79.990825 6.653187 2
2017-05-22T23:48:48Z, 79.979125 6.717699 2
2017-05-22T23:53:48Z, 79.967338 6.781581 2
2017-05-22T23:58:48Z, 79.956067 6.847579 2
2017-05-23T00:03:48Z, 79.942056 6.891810 1
2017-05-23T00:08:48Z, 79.927852 6.934422 2
2017-05-23T00:13:48Z, 79.913992 6.978597 2
2017-05-23T00:18:48Z, 79.902181 7.038583 2
2017-05-23T00:23:48Z, 79.894388 7.102371 2
2017-05-23T00:28:48Z, 79.889940 7.132755 2
2017-05-23T00:33:48Z, 79.883992 7.186181 2
2017-05-23T00:38:48Z, 79.879499 7.227700 2
2017-05-23T00:43:48Z, 79.874702 7.259491 2
2017-05-23T00:48:48Z, 79.868831 7.297363 2
2017-05-23T00:53:48Z, 79.861611 7.342614 2
2017-05-23T00:58:48Z, 79.857110 7.384970 2
2017-05-23T01:03:48Z, 79.851472 7.425004 2
2017-05-23T01:08:48Z, 79.843715 7.468962 2
2017-05-23T01:13:48Z, 79.836616 7.505269 2
2017-05-23T01:18:48Z, 79.830938 7.512206 2
2017-05-23T01:23:48Z, 79.831260 7.504866 2
2017-05-23T01:28:48Z, 79.830604 7.504694 2
2017-05-23T01:33:48Z, 79.829899 7.503631 2
2017-05-23T01:38:48Z, 79.829393 7.503857 2
2017-05-23T01:43:48Z, 79.828291 7.506162 2
2017-05-23T01:48:48Z, 79.827848 7.510492 2
2017-05-23T01:53:48Z, 79.826989 7.507766 2
2017-05-23T01:58:48Z, 79.826362 7.505283 2
2017-05-23T02:03:48Z, 79.825729 7.505390 2
2017-05-23T02:08:48Z, 79.825013 7.505440 2
2017-05-23T02:13:48Z, 79.824173 7.505184 2
2017-05-23T02:18:48Z, 79.823352 7.509144 2
2017-05-23T02:23:48Z, 79.822438 7.508690 2
2017-05-23T02:28:48Z, 79.822095 7.510001 2
2017-05-23T02:33:47Z, 79.817797 7.545133 2
2017-05-23T02:38:47Z, 79.807520 7.609033 2
2017-05-23T02:43:47Z, 79.799130 7.654771 2
2017-05-23T02:48:47Z, 79.791142 7.704186 2
2017-05-23T02:53:47Z, 79.781193 7.768367 2
2017-05-23T02:58:47Z, 79.773156 7.817139 2
2017-05-23T03:03:47Z, 79.767925 7.844199 2
2017-05-23T03:08:47Z, 79.760411 7.884268 2
2017-05-23T03:13:47Z, 79.752921 7.926531 2
2017-05-23T03:18:47Z, 79.742478 7.990356 2
2017-05-23T03:23:47Z, 79.731868 8.054392 2
2017-05-23T03:28:47Z, 79.721486 8.118411 2
2017-05-23T03:33:47Z, 79.712320 8.171828 2
2017-05-23T03:38:47Z, 79.700674 8.226133 2
2017-05-23T03:43:47Z, 79.688107 8.277507 2
2017-05-23T03:48:47Z, 79.674945 8.326087 2
2017-05-23T03:53:47Z, 79.661046 8.369751 2
2017-05-23T03:58:47Z, 79.646528 8.407699 2
2017-05-23T04:03:47Z, 79.630712 8.421202 2
2017-05-23T04:08:47Z, 79.617797 8.466593 2
2017-05-23T04:13:47Z, 79.605822 8.522566 2
2017-05-23T04:18:47Z, 79.594047 8.578390 2
2017-05-23T04:23:47Z, 79.583107 8.637864 2
2017-05-23T04:28:47Z, 79.572790 8.701086 2
2017-05-23T04:33:47Z, 79.562135 8.764003 2
2017-05-23T04:38:47Z, 79.550598 8.822980 2
2017-05-23T04:43:47Z, 79.540102 8.887485 2
2017-05-23T04:48:47Z, 79.529248 8.953838 2
2017-05-23T04:53:47Z, 79.518277 9.020270 2
2017-05-23T04:58:47Z, 79.507126 9.086169 2
2017-05-23T05:03:47Z, 79.495953 9.151699 2
2017-05-23T05:08:47Z, 79.484800 9.216668 2
2017-05-23T05:13:47Z, 79.473381 9.281829 2
2017-05-23T05:18:47Z, 79.461459 9.347421 2
2017-05-23T05:23:47Z, 79.450660 9.416924 2
2017-05-23T05:28:47Z, 79.439027 9.482141 2
2017-05-23T05:33:47Z, 79.427724 9.548376 2
2017-05-23T05:38:47Z, 79.416372 9.614273 2
2017-05-23T05:43:47Z, 79.405448 9.681407 2
2017-05-23T05:48:47Z, 79.393908 9.744973 2
2017-05-23T05:53:47Z, 79.382453 9.809178 2
2017-05-23T05:58:47Z, 79.380102 9.829764 2
2017-05-23T06:03:47Z, 79.379033 9.827894 2
2017-05-23T06:08:47Z, 79.377905 9.825731 2
2017-05-23T06:13:47Z, 79.376793 9.827487 2
2017-05-23T06:18:47Z, 79.366718 9.884695 2
2017-05-23T06:23:47Z, 79.354249 9.946789 2
2017-05-23T06:28:47Z, 79.341351 10.008455 2
2017-05-23T06:33:47Z, 79.328070 10.068794 2
2017-05-23T06:38:47Z, 79.314629 10.126816 2
2017-05-23T06:43:47Z, 79.301463 10.183229 2
2017-05-23T06:48:47Z, 79.288512 10.240446 2
2017-05-23T06:53:47Z, 79.275316 10.296109 2
2017-05-23T06:58:47Z, 79.262219 10.352796 2
2017-05-23T07:03:47Z, 79.248816 10.408382 2
2017-05-23T07:08:47Z, 79.235358 10.463603 2
2017-05-23T07:13:47Z, 79.221705 10.518152 2
2017-05-23T07:18:47Z, 79.207984 10.572556 2
2017-05-23T07:23:47Z, 79.194291 10.626655 2
2017-05-23T07:28:47Z, 79.180670 10.681586 2
2017-05-23T07:33:47Z, 79.166919 10.735442 2
2017-05-23T07:38:47Z, 79.153039 10.790736 2
2017-05-23T07:43:48Z, 79.139391 10.845757 2
2017-05-23T07:48:48Z, 79.125992 10.901747 2
2017-05-23T07:53:48Z, 79.112553 10.957110 2
2017-05-23T07:58:48Z, 79.099253 11.011840 2
2017-05-23T08:03:48Z, 79.086207 11.065898 2
2017-05-23T08:08:48Z, 79.073108 11.120632 2
2017-05-23T08:13:48Z, 79.060979 11.180673 2
2017-05-23T08:18:48Z, 79.050120 11.246970 2
2017-05-23T08:23:48Z, 79.039346 11.316015 2
2017-05-23T08:28:48Z, 79.028861 11.385539 2
2017-05-23T08:33:48Z, 79.018122 11.453872 2
2017-05-23T08:38:48Z, 79.006671 11.519361 2
2017-05-23T08:43:48Z, 78.995190 11.585306 2
2017-05-23T08:48:48Z, 78.984441 11.655154 2
2017-05-23T08:53:48Z, 78.973754 11.726501 2
2017-05-23T08:58:48Z, 78.962688 11.794804 2
2017-05-23T09:03:48Z, 78.951822 11.860094 2
2017-05-23T09:08:48Z, 78.939916 11.903463 2
2017-05-23T09:13:48Z, 78.930577 11.930072 2
2017-05-23T09:18:48Z, 78.928691 11.937656 2
2017-05-23T09:23:48Z, 78.928693 11.937651 2
2017-05-23T09:28:48Z, 78.928693 11.937647 2
2017-05-23T09:33:48Z, 78.928698 11.937652 2
2017-05-23T09:38:48Z, 78.928696 11.937656 2
2017-05-23T09:43:48Z, 78.928693 11.937647 2
2017-05-23T09:48:48Z, 78.928692 11.937657 2
2017-05-23T09:53:48Z, 78.928693 11.937679 2
2017-05-23T09:58:48Z, 78.928690 11.937698 2
2017-05-23T10:03:48Z, 78.928690 11.937706 2
2017-05-23T10:08:48Z, 78.928689 11.937692 2
2017-05-23T10:13:48Z, 78.928690 11.937685 2
2017-05-23T10:18:48Z, 78.928689 11.937690 2
2017-05-23T10:23:48Z, 78.928689 11.937699 2
2017-05-23T10:28:48Z, 78.928688 11.937703 2
2017-05-23T10:33:48Z, 78.928686 11.937713 2
2017-05-23T10:38:48Z, 78.928685 11.937705 2
2017-05-23T10:43:48Z, 78.928686 11.937709 2
2017-05-23T10:48:48Z, 78.928685 11.937705 2
2017-05-23T10:53:48Z, 78.928685 11.937708 2
2017-05-23T10:58:48Z, 78.928683 11.937713 2
2017-05-23T11:03:48Z, 78.928684 11.937716 2
2017-05-23T11:08:48Z, 78.928684 11.937719 2
2017-05-23T11:13:48Z, 78.928685 11.937727 2
2017-05-23T11:18:48Z, 78.928685 11.937723 2
2017-05-23T11:23:48Z, 78.928689 11.937713 2
2017-05-23T11:28:48Z, 78.928689 11.937730 2
2017-05-23T11:33:48Z, 78.928689 11.937718 2
2017-05-23T11:38:48Z, 78.928687 11.937705 2
2017-05-23T11:43:47Z, 78.928690 11.937695 2
2017-05-23T11:48:47Z, 78.928691 11.937703 2
2017-05-23T11:53:47Z, 78.928690 11.937696 2
2017-05-23T11:58:47Z, 78.928690 11.937701 2
2017-05-23T12:03:47Z, 78.928691 11.937711 2
2017-05-23T12:08:47Z, 78.928691 11.937707 2
2017-05-23T12:13:47Z, 78.928690 11.937703 2
2017-05-23T12:18:47Z, 78.928690 11.937703 2
2017-05-23T12:23:47Z, 78.928688 11.937705 2
2017-05-23T12:28:47Z, 78.928688 11.937692 2
2017-05-23T12:33:47Z, 78.928689 11.937701 2
2017-05-23T12:38:47Z, 78.928690 11.937705 2
2017-05-23T12:43:47Z, 78.928689 11.937703 2
2017-05-23T12:48:47Z, 78.928688 11.937698 2
2017-05-23T12:53:47Z, 78.928689 11.937698 2
2017-05-23T12:58:47Z, 78.928689 11.937699 2
2017-05-23T13:03:47Z, 78.928692 11.937689 2
2017-05-23T13:08:47Z, 78.928691 11.937701 2
2017-05-23T13:13:47Z, 78.928689 11.937698 2
2017-05-23T13:18:47Z, 78.928690 11.937704 2
2017-05-23T13:23:47Z, 78.928687 11.937703 2
2017-05-23T13:28:47Z, 78.928684 11.937714 2
2017-05-23T13:33:47Z, 78.928686 11.937706 2
2017-05-23T13:38:47Z, 78.928688 11.937706 2
2017-05-23T13:43:47Z, 78.928687 11.937698 2
2017-05-23T13:48:47Z, 78.928686 11.937697 2
2017-05-23T13:53:47Z, 78.928689 11.937703 2
2017-05-23T13:58:47Z, 78.928685 11.937707 2
2017-05-23T14:03:47Z, 78.928685 11.937700 2
2017-05-23T14:08:47Z, 78.928684 11.937703 2
2017-05-23T14:13:47Z, 78.928686 11.937702 2
2017-05-23T14:18:47Z, 78.928685 11.937713 2
2017-05-23T14:23:47Z, 78.928684 11.937709 2
2017-05-23T14:28:47Z, 78.928685 11.937715 2
2017-05-23T14:33:47Z, 78.928686 11.937716 2
2017-05-23T14:38:47Z, 78.928688 11.937717 2
2017-05-23T14:43:47Z, 78.928690 11.937725 2
2017-05-23T14:48:47Z, 78.928683 11.937715 2
2017-05-23T14:53:47Z, 78.928683 11.937724 2
2017-05-23T14:58:47Z, 78.928688 11.937727 2
2017-05-23T15:03:47Z, 78.928690 11.937724 2
2017-05-23T15:08:48Z, 78.928691 11.937727 2
2017-05-23T15:13:48Z, 78.928691 11.937724 2
2017-05-23T15:18:48Z, 78.928692 11.937732 2
2017-05-23T15:23:48Z, 78.928692 11.937732 2
2017-05-23T15:28:48Z, 78.928695 11.937737 2
2017-05-23T15:33:48Z, 78.928691 11.937730 2
2017-05-23T15:38:48Z, 78.928692 11.937730 2
2017-05-23T15:43:48Z, 78.928694 11.937735 2
2017-05-23T15:48:48Z, 78.928693 11.937732 2
2017-05-23T15:53:48Z, 78.928693 11.937733 2
2017-05-23T15:58:48Z, 78.928692 11.937728 2
2017-05-23T16:03:48Z, 78.928691 11.937727 2
2017-05-23T16:08:48Z, 78.928691 11.937719 2
2017-05-23T16:13:48Z, 78.928692 11.937712 2
2017-05-23T16:18:48Z, 78.928692 11.937719 2
2017-05-23T16:23:48Z, 78.928692 11.937726 2
2017-05-23T16:28:48Z, 78.928690 11.937699 2
2017-05-23T16:33:48Z, 78.928691 11.937707 2
2017-05-23T16:38:48Z, 78.928691 11.937720 2
2017-05-23T16:43:48Z, 78.928695 11.937722 2
2017-05-23T16:48:48Z, 78.929480 11.936941 2
2017-05-23T16:53:48Z, 78.937122 11.919780 2
2017-05-23T16:58:48Z, 78.949186 11.876905 2
2017-05-23T17:03:48Z, 78.957699 11.813850 2
2017-05-23T17:08:48Z, 78.965214 11.747303 2
2017-05-23T17:13:48Z, 78.970255 11.675863 2
2017-05-23T17:18:48Z, 78.974435 11.603971 2
2017-05-23T17:23:48Z, 78.978694 11.531764 2
2017-05-23T17:28:48Z, 78.982945 11.457908 2
2017-05-23T17:33:48Z, 78.985483 11.381186 2
2017-05-23T17:38:48Z, 78.986671 11.302232 2
2017-05-23T17:43:48Z, 78.984616 11.223847 2
2017-05-23T17:48:48Z, 78.979592 11.148552 2
2017-05-23T17:53:48Z, 78.974909 11.073858 2
2017-05-23T17:58:48Z, 78.970421 11.000198 2
2017-05-23T18:03:48Z, 78.965914 10.926884 2
2017-05-23T18:08:48Z, 78.961462 10.854162 2
2017-05-23T18:13:48Z, 78.956480 10.782470 2
2017-05-23T18:18:48Z, 78.951483 10.711140 2
2017-05-23T18:23:48Z, 78.945800 10.641650 2
2017-05-23T18:28:48Z, 78.939588 10.572815 2
2017-05-23T18:33:48Z, 78.933186 10.502499 2
2017-05-23T18:38:48Z, 78.926607 10.430137 2
2017-05-23T18:43:48Z, 78.916203 10.371689 2
2017-05-23T18:48:48Z, 78.902115 10.332247 2
2017-05-23T18:53:48Z, 78.887316 10.303525 2
2017-05-23T18:58:48Z, 78.872688 10.281529 2
2017-05-23T19:03:48Z, 78.857839 10.278331 2
2017-05-23T19:08:48Z, 78.843281 10.274848 2
2017-05-23T19:13:48Z, 78.828776 10.273903 2
2017-05-23T19:18:48Z, 78.814295 10.277902 2
2017-05-23T19:23:48Z, 78.799884 10.289075 2
2017-05-23T19:28:48Z, 78.785514 10.303396 2
2017-05-23T19:33:48Z, 78.770978 10.317812 2
2017-05-23T19:38:48Z, 78.756271 10.333119 2
2017-05-23T19:43:48Z, 78.741528 10.349673 2
2017-05-23T19:48:48Z, 78.726785 10.365949 2
2017-05-23T19:53:48Z, 78.712029 10.383250 2
2017-05-23T19:58:48Z, 78.697220 10.402366 2
2017-05-23T20:03:48Z, 78.682079 10.421761 2
2017-05-23T20:08:48Z, 78.666879 10.441579 2
2017-05-23T20:13:48Z, 78.651618 10.460741 2
2017-05-23T20:18:48Z, 78.636255 10.478912 2
2017-05-23T20:23:48Z, 78.621221 10.499781 2
2017-05-23T20:28:48Z, 78.607124 10.531897 2
2017-05-23T20:33:48Z, 78.592931 10.565588 2
2017-05-23T20:38:48Z, 78.578858 10.601249 2
2017-05-23T20:43:48Z, 78.564222 10.633073 2
2017-05-23T20:48:48Z, 78.549506 10.662989 2
2017-05-23T20:53:47Z, 78.534917 10.693360 2
2017-05-23T20:58:47Z, 78.520477 10.725084 2
2017-05-23T21:03:47Z, 78.505932 10.756142 2
2017-05-23T21:08:47Z, 78.491439 10.788205 2
2017-05-23T21:13:47Z, 78.476971 10.820214 2
2017-05-23T21:18:47Z, 78.462587 10.852827 2
2017-05-23T21:23:47Z, 78.448157 10.885315 2
2017-05-23T21:28:47Z, 78.433821 10.917631 2
2017-05-23T21:33:47Z, 78.419718 10.948841 2
2017-05-23T21:38:47Z, 78.405713 10.981027 2
2017-05-23T21:43:47Z, 78.391806 11.015549 2
2017-05-23T21:48:47Z, 78.378208 11.052776 2
2017-05-23T21:53:47Z, 78.364787 11.090581 2
2017-05-23T21:58:47Z, 78.351282 11.128556 2
2017-05-23T22:03:47Z, 78.337813 11.165944 2
2017-05-23T22:08:48Z, 78.324458 11.202339 2
2017-05-23T22:13:47Z, 78.311012 11.237816 2
2017-05-23T22:18:47Z, 78.297665 11.275082 2
2017-05-23T22:23:47Z, 78.284413 11.313521 2
2017-05-23T22:28:48Z, 78.270990 11.351377 2
2017-05-23T22:33:48Z, 78.257391 11.388021 2
2017-05-23T22:38:48Z, 78.244269 11.426856 2
2017-05-23T22:43:48Z, 78.231424 11.465541 2
2017-05-23T22:48:48Z, 78.218399 11.504460 2
2017-05-23T22:53:48Z, 78.205488 11.542506 2
2017-05-23T22:58:48Z, 78.194550 11.591460 2
2017-05-23T23:03:48Z, 78.185191 11.648995 2
2017-05-23T23:08:48Z, 78.175641 11.706941 2
2017-05-23T23:13:48Z, 78.166537 11.766114 2
2017-05-23T23:18:48Z, 78.159091 11.829836 2
2017-05-23T23:23:48Z, 78.155681 11.900440 2
2017-05-23T23:28:48Z, 78.153956 11.972787 2
2017-05-23T23:33:48Z, 78.152141 12.045820 2
2017-05-23T23:38:48Z, 78.150146 12.119373 2
2017-05-23T23:43:48Z, 78.148185 12.193078 2
2017-05-23T23:48:48Z, 78.146534 12.266761 2
2017-05-23T23:53:48Z, 78.145172 12.340290 2
2017-05-23T23:58:48Z, 78.143807 12.412304 2
2017-05-24T00:03:48Z, 78.143172 12.484965 1
2017-05-24T00:08:48Z, 78.143368 12.557586 2
2017-05-24T00:13:48Z, 78.143629 12.629963 2
2017-05-24T00:18:48Z, 78.143922 12.702969 2
2017-05-24T00:23:48Z, 78.144230 12.775155 2
2017-05-24T00:28:48Z, 78.144495 12.846840 2
2017-05-24T00:33:48Z, 78.144852 12.918339 2
2017-05-24T00:38:48Z, 78.145186 12.989944 2
2017-05-24T00:43:48Z, 78.146541 13.061777 2
2017-05-24T00:48:48Z, 78.149512 13.132884 2
2017-05-24T00:53:48Z, 78.152652 13.204479 2
2017-05-24T00:58:48Z, 78.155918 13.275892 2
2017-05-24T01:03:48Z, 78.159059 13.346839 2
2017-05-24T01:08:48Z, 78.162151 13.418210 2
2017-05-24T01:13:48Z, 78.165120 13.489560 2
2017-05-24T01:18:48Z, 78.167913 13.561797 2
2017-05-24T01:23:48Z, 78.170749 13.633506 2
2017-05-24T01:28:48Z, 78.174347 13.704529 2
2017-05-24T01:33:48Z, 78.178514 13.773784 2
2017-05-24T01:38:48Z, 78.182485 13.843258 2
2017-05-24T01:43:48Z, 78.186375 13.912277 2
2017-05-24T01:48:48Z, 78.190367 13.980115 2
2017-05-24T01:53:48Z, 78.193831 14.047904 2
2017-05-24T01:58:48Z, 78.197492 14.114539 2
2017-05-24T02:03:48Z, 78.200991 14.180854 2
2017-05-24T02:08:48Z, 78.204928 14.247903 2
2017-05-24T02:13:48Z, 78.208961 14.316563 2
2017-05-24T02:18:48Z, 78.212994 14.386416 2
2017-05-24T02:23:48Z, 78.216786 14.457165 2
2017-05-24T02:28:48Z, 78.220653 14.526482 2
2017-05-24T02:33:48Z, 78.224363 14.594944 2
2017-05-24T02:38:48Z, 78.228044 14.664621 2
2017-05-24T02:43:48Z, 78.231728 14.735316 2
2017-05-24T02:48:48Z, 78.235290 14.806626 2
2017-05-24T02:53:48Z, 78.238548 14.878850 2
2017-05-24T02:58:48Z, 78.241694 14.951789 2
2017-05-24T03:03:48Z, 78.244961 15.025042 2
2017-05-24T03:08:48Z, 78.248744 15.097904 2
2017-05-24T03:13:48Z, 78.252898 15.171259 2
2017-05-24T03:18:48Z, 78.257933 15.246283 2
2017-05-24T03:23:48Z, 78.262239 15.321037 2
2017-05-24T03:28:48Z, 78.263612 15.396067 2
2017-05-24T03:33:48Z, 78.261216 15.468309 2
2017-05-24T03:38:48Z, 78.255431 15.536840 2
2017-05-24T03:43:48Z, 78.245320 15.566719 2
2017-05-24T03:48:48Z, 78.243124 15.546750 2
2017-05-24T03:53:48Z, 78.243184 15.543148 2
2017-05-24T03:58:48Z, 78.243181 15.543086 2
2017-05-24T04:03:48Z, 78.243174 15.543086 2
2017-05-24T04:08:48Z, 78.243177 15.543104 2
2017-05-24T04:13:48Z, 78.243176 15.543120 2
2017-05-24T04:18:48Z, 78.243174 15.543123 2
2017-05-24T04:23:48Z, 78.243175 15.543122 2
2017-05-24T04:28:48Z, 78.243172 15.543114 2
2017-05-24T04:33:48Z, 78.243174 15.543117 2
2017-05-24T04:38:48Z, 78.243177 15.543114 2
2017-05-24T04:43:48Z, 78.243177 15.543113 2
2017-05-24T04:48:48Z, 78.243179 15.543101 2
2017-05-24T04:53:48Z, 78.243179 15.543095 2
2017-05-24T04:58:48Z, 78.243178 15.543093 2
2017-05-24T05:03:48Z, 78.243177 15.543097 2
2017-05-24T05:08:48Z, 78.243176 15.543095 2
2017-05-24T05:13:48Z, 78.243183 15.543084 2
2017-05-24T05:18:48Z, 78.243186 15.543090 2
2017-05-24T05:23:48Z, 78.243178 15.543100 2
2017-05-24T05:28:48Z, 78.243179 15.543108 2
2017-05-24T05:33:48Z, 78.243177 15.543110 2
2017-05-24T05:38:48Z, 78.243178 15.543098 2
2017-05-24T05:43:48Z, 78.243178 15.543093 2
2017-05-24T05:48:48Z, 78.243181 15.543092 2
2017-05-24T05:53:48Z, 78.243180 15.543091 2
2017-05-24T05:58:48Z, 78.243179 15.543094 2
2017-05-24T06:03:48Z, 78.243180 15.543102 2
2017-05-24T06:08:48Z, 78.243180 15.543107 2
2017-05-24T06:13:48Z, 78.243179 15.543111 2
2017-05-24T06:18:48Z, 78.243184 15.543102 2
